0.789699 1.036848
1.135669 0.791993
1.098951 0.896423
1.160956 1.189265
1.129409 0.844587
0.993486 0.883580
1.231504 0.991102
1.164010 1.043781
0.991725 1.115773
1.162282 1.136300
1.124415 1.012370
1.187236 1.230320
1.204967 0.784982
1.025397 0.753524
1.230939 1.144519
0.974263 0.770638
0.931367 0.859932
0.812631 0.780318
1.006356 1.223588
1.219583 0.885764
0.818175 0.963069
1.019344 0.799679
1.204171 0.933354
1.093460 0.945896
0.799127 1.005742
0.832196 1.173542
0.768112 0.769433
1.153862 1.223079
0.804415 0.929258
1.226603 0.785354
0.823777 0.950866
0.805993 1.005144
1.060798 0.868624
1.035462 0.817154
0.842212 1.005045
0.952918 0.910387
1.218114 1.222262
0.960066 1.172286
0.905616 0.803526
0.868182 0.954743
1.059268 0.950378
0.878285 1.077380
0.969811 0.782146
1.050459 1.024226
0.961405 1.027061
1.059581 1.035182
1.227927 1.115574
0.790326 1.038726
1.234198 1.075788
1.105880 0.826410
0.830833 0.808798
0.986796 0.798947
0.781060 1.196862
1.221233 0.936677
0.750388 0.839415
1.141420 1.059656
1.039793 0.769704
0.887035 0.759605
0.801851 1.187494
1.033831 1.013255
0.964555 0.843412
0.798437 0.942483
1.208986 0.838763
1.231208 1.193183
1.164551 1.087088
0.769593 1.245384
1.145886 1.006390
0.794331 1.176947
0.953252 0.765564
0.863623 0.953640
0.854979 0.755043
0.763295 1.144773
0.774747 0.900331
1.154378 0.826598
0.837825 0.938209
1.089853 1.052380
1.031621 1.138290
1.244863 0.990606
1.227053 1.226071
0.933790 1.141604
1.063159 0.953383
1.136988 0.959046
1.209773 1.181320
0.885992 0.913025
1.196884 0.999616
1.116664 0.801864
1.004659 1.129960
1.196637 1.029406
0.780290 1.101014
1.106003 0.868115
0.789223 0.945856
1.170495 1.070844
0.834146 1.165357
0.811450 0.811199
1.141428 0.995240
1.202803 0.954587
1.198623 1.089792
1.163633 1.158396
1.021111 0.799625
0.821420 0.967995
1.049241 1.188085
1.019859 0.803900
1.068044 0.966496
1.083305 1.098334
0.817510 0.939308
1.216449 0.856733
1.135164 1.136944
1.177577 1.219310
1.052301 1.239027
0.780510 0.943729
0.984267 1.233313
1.148316 0.932890
1.073105 1.061949
0.841286 0.844216
1.111574 0.912706
1.062211 0.910815
0.850791 0.832070
0.964715 1.168835
1.048566 0.798020
1.017169 1.116076
0.987328 0.983619
1.222809 0.872493
0.870563 1.150386
0.841803 1.172864
1.139413 0.872313
0.866593 0.873680
0.855626 0.764909
1.056570 1.178730
1.076858 1.147856
0.772946 0.938433
0.810563 1.085157
1.099248 0.911354
1.167228 0.813963
0.830189 0.965794
0.861983 1.097358
0.831870 1.099311
0.830977 0.804678
1.221804 0.951539
1.205064 0.813608
0.874403 1.094476
0.935920 0.990996
1.218156 1.041546
1.005905 1.024727
0.970276 0.832763
0.922583 0.993222
1.021196 0.983145
0.828380 0.870444
1.144499 1.245607
0.934407 1.224687
0.961401 1.046390
0.322046 0.293271
0.145701 0.403022
0.347949 0.117506
0.104562 0.303013
0.181113 0.228965
0.147489 0.367034
0.469961 0.115646
0.158580 0.225866
0.390372 0.378856
0.308629 0.062955
0.122078 0.079825
0.296100 0.200458
0.200269 0.190599
0.196066 0.384677
0.165286 0.407467
0.181067 0.487332
0.200737 0.326768
0.390354 0.048686
0.444274 0.494916
0.351699 0.125387
0.223881 0.499188
0.492420 0.193842
0.114834 0.151000
0.419707 0.005206
0.029856 0.228336
0.068161 0.151934
0.308161 0.364262
0.352393 0.008431
0.054861 0.048458
0.393107 0.220147
0.455925 0.074174
0.207479 0.156662
0.400942 0.097833
0.205349 0.345216
0.092750 0.057048
0.470603 0.316631
0.056237 0.463023
0.010472 0.171071
0.114023 0.430180
0.176277 0.143879
0.158516 0.244438
0.295814 0.466678
0.108700 0.148206
0.475109 0.163561
0.196664 0.368216
0.383708 0.152589
0.442390 0.091187
0.309252 0.343332
0.189020 0.014601
0.188548 0.281770
0.071649 0.159151
0.098401 0.127885
0.122174 0.108873
0.298956 0.236197
0.039053 0.475233
0.380076 0.197569
0.219671 0.175890
0.164247 0.328371
0.324096 0.139355
0.491932 0.020760
0.007571 0.375639
0.173350 0.449961
0.466826 0.482601
0.293293 0.155846
0.497202 0.481841
0.437616 0.068851
0.140992 0.036017
0.196736 0.263166
0.144890 0.495692
0.499363 0.183943
0.470925 0.379439
0.381512 0.190597
0.055329 0.045759
0.018968 0.379425
0.185114 0.010900
0.400185 0.192685
0.386539 0.073535
0.142646 0.353365
0.056136 0.435939
0.009211 0.053338
0.417780 0.446827
0.122189 0.058772
0.482844 0.318925
0.321938 0.127734
0.314617 0.321300
0.311677 0.285542
0.200739 0.193188
0.476139 0.256068
0.238947 0.495107
0.135493 0.424061
0.006006 0.035678
0.116746 0.392545
0.109213 0.259392
0.245910 0.165349
0.195332 0.255122
0.218687 0.113112
0.201949 0.340876
0.171884 0.184793
0.159801 0.493822
0.312527 0.474419
0.315122 0.124204
0.259961 0.015862
0.317392 0.236100
0.271929 0.056339
0.231207 0.407422
0.480400 0.237213
0.443100 0.097146
0.129758 0.052312
0.356538 0.375668
0.217661 0.051870
0.130790 0.436348
0.164982 0.332739
0.277225 0.336866
0.017532 0.437026
0.330689 0.330059
0.411445 0.145811
0.454263 0.171406
0.161673 0.271655
0.407505 0.433602
0.327994 0.138712
0.341024 0.308394
0.375925 0.284124
0.405540 0.005683
0.336437 0.262078
0.381351 0.054098
0.313948 0.012141
0.490446 0.478930
0.344880 0.267671
0.315797 0.362412
0.204697 0.146485
0.192471 0.116141
0.292296 0.146735
0.287547 0.453969
0.418390 0.195052
0.387571 0.246384
0.333764 0.228595
0.054778 0.209689
0.012719 0.460318
0.215372 0.349156
0.222397 0.096724
0.403254 0.036345
0.108865 0.393700
0.015275 0.453745
0.161371 0.331072
0.316157 0.366068
0.477557 0.008629
0.482209 0.269854
0.155363 0.269756
0.223822 0.073753
0.464808 0.111393
0.320137 1.798572
0.339989 1.874915
0.008262 1.852708
0.335234 1.723634
0.201864 1.557630
0.320358 1.605118
0.093975 1.929223
0.498818 1.609250
0.382968 1.660189
0.440322 1.699125
0.026257 1.917879
0.207754 1.508466
0.187733 1.863117
0.278221 1.911555
0.436870 1.743029
0.022949 1.757007
0.041602 1.862937
0.131922 1.549864
0.215645 1.967156
0.273498 1.917509
0.024786 1.593856
0.022627 1.618761
0.023079 1.521445
0.228012 1.906046
0.181634 1.668334
0.105171 1.707890
0.086213 1.812925
0.216356 1.773946
0.176042 1.994577
0.185501 1.612912
0.237607 1.708450
0.369919 1.779209
0.071387 1.501842
0.329073 1.787032
0.468998 1.602570
0.204541 1.993784
0.196426 1.727168
0.112545 1.719505
0.248613 1.840557
0.125551 1.930246
0.008891 1.730723
0.138137 1.595104
0.043648 1.854493
0.369050 1.719690
0.349070 1.554552
0.332602 1.586677
0.263002 1.702522
0.365886 1.834389
0.204363 1.694959
0.121421 1.673361
0.297529 1.825962
0.167145 1.993955
0.053130 1.779691
0.213460 1.801743
0.120248 1.839011
0.231989 1.629139
0.069734 1.870126
0.224243 1.613381
0.224619 1.593293
0.333071 1.573689
0.147845 1.665674
0.160366 1.910846
0.368195 1.526252
0.245235 1.572559
0.221211 1.866656
0.245920 1.518740
0.192619 1.913065
0.012695 1.745749
0.192755 1.726155
0.047492 1.813003
0.065166 1.779481
0.442142 1.634900
0.149607 1.666385
0.248281 1.874226
0.259678 1.581353
0.447915 1.907523
0.247026 1.608280
0.318370 1.615222
0.134532 1.563605
0.187780 1.855743
0.430261 1.933700
0.374482 1.622880
0.346765 1.887177
0.368629 1.539520
0.113333 1.916121
0.352523 1.678499
0.195603 1.794665
0.313399 1.845210
0.461050 1.561680
0.219436 1.720728
0.143033 1.667350
0.128252 1.890059
0.275631 1.946622
0.005281 1.910163
0.010227 1.693061
0.265906 1.940488
0.126761 1.640388
0.063368 1.973526
0.027566 1.931998
0.013046 1.640898
0.348119 1.865569
0.319397 1.543721
0.160234 1.632796
0.388931 1.621284
0.194476 1.608367
0.342013 1.837509
0.275717 1.970264
0.227568 1.551348
0.416886 1.732849
0.461510 1.927112
0.425910 1.727416
0.367601 1.552671
0.367804 1.930969
0.026196 1.895370
0.362967 1.539242
0.036268 1.711085
0.404811 1.855665
0.254807 1.565045
0.488461 1.643738
0.186329 1.682937
0.252104 1.528342
0.020445 1.527821
0.498606 1.748013
0.079169 1.915492
0.480862 1.540679
0.342604 1.906772
0.268096 1.710205
0.459443 1.635900
0.141174 1.985639
0.031270 1.504140
0.024881 1.567539
0.215226 1.929692
0.423204 1.970032
0.494737 1.911665
0.113770 1.681066
0.094602 1.865874
0.209408 1.615047
0.393696 1.708014
0.363060 1.972865
0.123505 1.843923
0.013544 1.966110
0.250695 1.781640
0.176314 1.710137
0.417540 1.817488
0.195777 1.948810
0.321628 1.720658
0.016349 1.536854
0.150350 1.939553
0.006886 1.645087
0.351218 1.620656
1.826153 0.445820
1.986531 0.035560
1.560867 0.380226
1.743574 0.423927
1.853091 0.367079
1.767850 0.366635
1.833189 0.018545
1.648275 0.009503
1.728682 0.065815
1.826991 0.424459
1.514626 0.148620
1.645116 0.030975
1.685474 0.295466
1.970528 0.192360
1.940553 0.321746
1.813016 0.266706
1.767565 0.299547
1.802267 0.328432
1.679773 0.045841
1.752360 0.032864
1.912920 0.020209
1.899499 0.246109
1.538754 0.047774
1.755612 0.267436
1.613590 0.082603
1.691895 0.128215
1.731223 0.337011
1.659190 0.416696
1.632477 0.129718
1.609056 0.073031
1.951463 0.422072
1.839737 0.219028
1.721619 0.142004
1.547461 0.401392
1.687844 0.299820
1.934255 0.100764
1.820029 0.333755
1.846872 0.358784
1.881529 0.102484
1.626219 0.495119
1.685087 0.318114
1.623334 0.416309
1.655125 0.282524
1.833006 0.287602
1.912241 0.442062
1.860633 0.363705
1.864134 0.200370
1.582733 0.085753
1.842373 0.130194
1.987145 0.030218
1.930014 0.421400
1.630982 0.250043
1.755155 0.477854
1.608827 0.136684
1.580338 0.235046
1.631803 0.265425
1.553160 0.255137
1.681734 0.208285
1.537660 0.014740
1.995888 0.449902
1.956802 0.356521
1.813607 0.320937
1.556890 0.396340
1.906690 0.399264
1.526533 0.393835
1.929482 0.456547
1.815235 0.060463
1.706591 0.070390
1.538317 0.315418
1.707074 0.118655
1.550464 0.338877
1.884080 0.103624
1.594013 0.065815
1.811910 0.131674
1.580555 0.307797
1.581576 0.037357
1.664318 0.395182
1.858294 0.221208
1.791522 0.264984
1.620472 0.318055
1.658818 0.049954
1.774603 0.474054
1.610417 0.481193
1.544444 0.148734
1.796611 0.251518
1.767389 0.347075
1.590394 0.151470
1.950700 0.184408
1.717284 0.262609
1.816082 0.297839
1.570407 0.397657
1.835197 0.234724
1.792839 0.193491
1.955933 0.084361
1.958474 0.076405
1.902416 0.117293
1.626359 0.177019
1.591347 0.236775
1.658212 0.135790
1.885509 0.454823
1.887308 0.152899
1.801898 0.477703
1.804368 0.252598
1.662110 0.021653
1.515207 0.478192
1.819492 0.085614
1.875849 0.154689
1.820338 0.168688
1.848179 0.276271
1.753050 0.306653
1.852676 0.155466
1.923946 0.479034
1.832485 0.015293
1.715810 0.490697
1.651083 0.101319
1.945520 0.038391
1.754218 0.247418
1.516094 0.058587
1.500016 0.178204
1.580239 0.015224
1.656396 0.399731
1.600838 0.032245
1.554420 0.421176
1.700934 0.402599
1.697447 0.453983
1.709252 0.050123
1.609449 0.133198
1.529158 0.441934
1.648491 0.244968
1.932631 0.299574
1.846287 0.378151
1.837965 0.100505
1.625569 0.354059
1.659092 0.125586
1.532263 0.239331
1.640810 0.188659
1.639062 0.241647
1.720904 0.193482
1.662824 0.421838
1.596080 0.360271
1.875821 0.305332
1.910394 0.485270
1.938531 0.439552
1.927204 0.087022
1.684520 0.359835
1.886595 0.030806
1.737985 0.224560
1.631312 0.363555
1.578619 0.290403
1.989140 0.110881
1.529734 1.629950
1.799540 1.668796
1.871597 1.520444
1.862278 1.534421
1.942282 1.958358
1.894692 1.818103
1.763691 1.805086
1.803373 1.702221
1.744638 1.730577
1.789243 1.929157
1.590412 1.675838
1.959964 1.828397
1.900399 1.591275
1.691952 1.979018
1.881679 1.681092
1.589899 1.911413
1.811042 1.889439
1.580209 1.682639
1.909883 1.942487
1.717060 1.852165
1.900845 1.611751
1.670268 1.664536
1.916837 1.973641
1.866757 1.661475
1.704218 1.656000
1.590633 1.794630
1.831839 1.550597
1.623027 1.732237
1.641872 1.814979
1.711255 1.523551
1.996071 1.801154
1.934964 1.807113
1.690594 1.515173
1.989752 1.600477
1.957660 1.706811
1.952643 1.858505
1.818563 1.622911
1.523041 1.735400
1.596552 1.889798
1.896876 1.800771
1.545798 1.987508
1.595401 1.877637
1.538105 1.718428
1.609874 1.679977
1.533407 1.821130
1.703528 1.529478
1.622284 1.638492
1.836591 1.812878
1.653665 1.826342
1.913355 1.611325
1.533154 1.865998
1.969830 1.851716
1.988909 1.992871
1.587116 1.585461
1.882669 1.983992
1.886231 1.928467
1.971500 1.981632
1.806104 1.509605
1.700060 1.915979
1.689582 1.733467
1.737108 1.893111
1.762945 1.859393
1.531603 1.599536
1.672270 1.685267
1.925878 1.585625
1.796592 1.959032
1.951623 1.766422
1.810748 1.940531
1.759293 1.897864
1.525992 1.641962
1.881856 1.912224
1.570429 1.853356
1.893856 1.876533
1.862962 1.593916
1.792512 1.552544
1.827384 1.529621
1.945655 1.590329
1.889013 1.977257
1.689865 1.561283
1.662524 1.615743
1.646908 1.959116
1.574775 1.598531
1.725538 1.885523
1.539063 1.984831
1.783387 1.565055
1.626793 1.665243
1.977279 1.697222
1.518600 1.871135
1.573755 1.881561
1.965051 1.866267
1.934105 1.792434
1.895887 1.879760
1.882763 1.784901
1.857017 1.572628
1.846184 1.519542
1.688371 1.993092
1.978658 1.763146
1.591623 1.704196
1.648669 1.630686
1.689028 1.932056
1.695741 1.815820
1.597299 1.673019
1.513042 1.615899
1.544154 1.586797
1.997460 1.509205
1.953064 1.931566
1.801639 1.848951
1.811326 1.684402
1.633852 1.668343
1.757030 1.980035
1.687884 1.945401
1.973128 1.666543
1.708547 1.564751
1.870739 1.857216
1.695437 1.559766
1.789272 1.891178
1.875587 1.886572
1.564197 1.888628
1.502471 1.608351
1.975425 1.999931
1.617556 1.928489
1.931497 1.919195
1.777440 1.742823
1.603597 1.911292
1.911165 1.860626
1.891327 1.599050
1.806027 1.864455
1.765592 1.514575
1.929206 1.636331
1.871791 1.624643
1.696098 1.661063
1.515821 1.571684
1.547635 1.580018
1.960313 1.550106
1.688369 1.935738
1.550037 1.805925
1.864227 1.981534
1.725119 1.641667
1.724356 1.828716
1.552959 1.635522
1.689342 1.944286
1.734572 1.995370
1.808741 1.500164
1.509944 1.737947
1.636495 1.881735
1.862590 1.832593
1.542798 1.878411
1.904278 1.590433
1.958429 1.864590
1.640538 1.646798
1.201314 0.762302
1.810890 0.658222
0.688437 0.711368
1.224890 1.585862
0.026232 1.436726
0.127949 0.783602
1.213871 1.066235
0.765082 0.448836
1.066891 0.804859
1.400624 1.612873
0.331799 0.850983
0.943245 0.502991
0.364626 0.560355
0.864722 0.198340
0.018717 1.426876
0.785531 1.220030
0.189178 0.596421
1.878252 0.877614
1.307789 1.103142
0.463476 1.334021
0.539868 0.591425
0.117623 1.753739
1.657660 0.882705
0.202574 0.724552
1.687564 1.603198
0.337424 0.019363
0.454181 1.280670
0.522354 0.818807
1.841025 1.387077
1.017148 1.859742
0.813953 1.802679
1.079772 1.003131
0.399100 0.958024
1.880746 1.706888
0.061166 0.344222
1.040909 0.601034
0.935647 1.158532
0.354773 0.593307
0.041237 0.557347
1.317859 1.728801
0.160545 1.655283
1.748164 0.614727
0.935953 0.270518
1.433534 0.776978
1.657595 0.450682
0.636719 0.471548
0.253360 1.716492
1.474680 0.652460
0.674516 1.355425
0.359349 0.735682
1.699647 1.400258
1.336716 0.635294
0.558790 1.691489
1.228601 0.600028
0.248837 0.546459
0.328829 0.409382
0.201742 0.076993
1.024108 1.137695
0.347511 0.457642
1.914672 0.005106
0.908324 0.551392
0.476655 1.161685
0.267884 1.951334
1.814145 0.942400
1.306760 0.173493
1.678082 1.006407
1.573751 1.014798
1.641701 0.132542
0.706287 0.870301
0.732569 0.955124
1.416761 1.061398
1.364506 1.618503
1.138391 0.388614
0.756198 1.485902
0.846256 0.670871
1.491008 1.754581
1.222263 1.967663
0.916266 1.490146
1.918997 0.730410
0.432545 1.225757
0.903904 0.110627
0.232164 0.477655
1.125425 1.873865
0.610197 1.831712
0.744166 1.342766
0.786836 0.160927
0.404164 0.151342
1.779430 1.542555
0.539956 0.535628
1.028456 1.386212
1.206499 0.519465
1.140793 0.428761
0.487128 0.057059
1.918907 0.406125
0.787469 0.351453
1.631882 1.691373
0.462080 1.864046
0.169028 1.587505
1.737911 0.779225
1.419217 0.482076
0.121991 0.206053
0.643003 0.526156
0.357395 0.422433
0.068710 0.897351
0.958062 1.097167
0.283563 0.164560
1.616631 1.424356
0.593322 0.103759
1.481415 0.512229
0.509884 0.268884
0.863682 0.141766
1.960256 1.325761
0.005812 0.129284
0.913266 1.743722
0.908509 0.332484
0.225799 1.030501
0.538537 0.868802
1.556656 0.895932
1.291236 1.625366
1.793283 0.249297
0.722533 0.076846
0.413858 0.339165
1.501202 1.007179
0.442923 0.982617
1.519408 0.952807
1.251501 0.383090
1.094573 1.211757
1.708851 1.100385
1.341041 0.622117
0.844108 0.249551
0.954601 1.069907
1.280051 1.493138
1.938709 0.836707
0.389070 1.229945
0.462074 0.182353
1.479242 1.184607
0.259200 1.893100
1.523772 1.760402
0.900280 1.966695
0.743019 0.419688
0.919502 1.994520
0.802778 0.014075
1.206277 0.511629
1.114461 0.547318
1.133747 1.958568
0.796869 0.088348
1.028475 0.076920
1.581486 0.967184
0.913628 1.970556
0.197129 1.375701
