0.130347 -0.066915 1 0 0 0
0.537664 -0.387496 0 0 0 1
0.149851 0.162843 1 0 0 0
-0.738135 0.371786 0 0 0 1
-0.492317 0.004256 1 0 0 0
-0.359370 -0.521142 0 0 0 1
-0.798962 -0.115397 0 0 0 1
0.133130 -0.075005 0 0 0 1
-0.852090 0.549783 0 0 1 0
0.310526 -0.407816 0 0 0 1
0.489616 -0.858696 0 0 1 0
0.758218 0.461840 0 1 0 0
-0.111435 -0.605075 0 0 0 1
0.775947 -0.573771 0 0 1 0
-0.074202 0.589071 0 0 0 1
-0.692760 0.187663 0 0 0 1
-0.039143 -0.185076 0 0 0 1
0.347512 0.455553 0 0 0 1
-0.329223 0.548550 0 0 0 1
-0.659843 0.803907 0 0 1 0
-0.488342 0.951818 0 0 0 1
0.905765 0.262344 0 0 0 1
-0.384488 0.395381 0 0 0 1
0.403648 -0.002309 1 0 0 0
-0.134512 0.464520 0 0 0 1
0.260414 0.240467 1 0 0 0
-0.732157 -0.833736 0 0 0 1
-0.424917 0.353927 0 0 0 1
0.018320 0.390007 1 0 0 0
-0.634168 -0.154440 0 0 0 1
-0.783377 0.914382 0 0 1 0
-0.979469 -0.612073 0 1 0 0
0.972349 -0.588745 0 0 1 0
0.234693 0.026767 1 0 0 0
-0.361659 -0.975542 0 0 0 1
-0.847882 0.503830 0 0 1 0
-0.805719 -0.235757 0 0 0 1
-0.270556 -0.337327 1 0 0 0
-0.104291 -0.279864 1 0 0 0
-0.750364 0.738456 0 0 1 0
0.795482 -0.895712 0 0 1 0
-0.987895 -0.981330 0 1 0 0
-0.967364 -0.593404 0 1 0 0
-0.995015 -0.182149 0 0 0 1
-0.671031 0.239678 0 0 0 1
0.844618 0.327489 0 0 0 1
0.878019 0.869075 0 1 0 0
0.381848 0.358053 0 0 0 1
0.673889 -0.853908 0 0 0 1
-0.663438 0.178178 0 0 0 1
-0.016794 0.056698 1 0 0 0
0.232842 -0.204846 1 0 0 0
0.028324 -0.100558 1 0 0 0
0.040429 -0.081888 1 0 0 0
0.073066 0.324708 1 0 0 0
0.078050 -0.857441 0 0 0 1
0.708517 -0.682272 0 0 1 0
0.036006 -0.804253 0 0 0 1
0.856252 -0.484386 0 0 1 0
0.214305 -0.810497 0 0 0 1
0.723686 0.301802 0 0 0 1
-0.473934 -0.098135 1 0 0 0
0.582764 0.687213 0 1 0 0
-0.622082 0.469738 0 0 1 0
0.277360 0.095001 1 0 0 0
-0.804528 0.748719 0 0 1 0
0.520180 0.128266 0 0 0 1
0.737719 0.662740 0 1 0 0
-0.944553 0.649917 0 0 1 0
-0.748807 0.506169 0 0 1 0
0.828788 -0.279526 0 0 0 1
-0.422094 0.552475 0 0 0 1
0.103971 -0.545660 0 0 0 1
-0.692716 -0.313265 0 0 0 1
-0.858448 0.825135 0 0 1 0
0.611290 -0.628692 0 0 1 0
-0.293709 0.957911 0 0 0 1
-0.462514 -0.544990 0 1 0 0
-0.942333 0.583276 0 0 1 0
0.720406 -0.579942 0 0 1 0
0.370323 -0.707154 0 0 0 1
-0.338062 -0.123509 1 0 0 0
-0.509273 0.596965 0 0 1 0
-0.956798 0.619241 0 0 1 0
-0.502459 0.926526 0 0 1 0
-0.360907 0.751660 0 0 0 1
-0.885486 -0.749616 0 0 0 1
-0.543472 -0.043325 0 0 0 1
-0.919120 -0.005985 0 0 0 1
0.411685 -0.301541 0 0 0 1
0.051681 -0.005039 1 0 0 0
-0.227912 0.415019 1 0 0 0
-0.857590 0.707865 0 0 0 1
0.018902 -0.610886 0 0 0 1
-0.382833 -0.384133 0 0 0 1
0.648268 -0.339631 0 0 0 1
-0.764892 -0.988606 0 1 0 0
-0.838366 0.061254 0 0 0 1
0.797004 0.913295 0 1 0 0
-0.952612 -0.963737 0 1 0 0
0.004063 -0.882857 0 0 0 1
-0.373688 -0.584252 0 0 0 1
-0.184398 0.677993 0 0 0 1
0.410709 0.869359 0 1 0 0
-0.174273 0.333861 1 0 0 0
-0.466408 0.460302 0 0 1 0
-0.077294 -0.922531 0 0 0 1
-0.772740 -0.429026 0 1 0 0
-0.537632 -0.417633 0 1 0 0
-0.375997 0.643622 0 0 0 1
0.692752 -0.462703 0 0 1 0
0.740139 -0.426439 0 0 1 0
-0.255798 -0.309296 1 0 0 0
0.159950 0.506306 0 0 0 1
-0.244007 -0.429342 1 0 0 0
0.206073 0.396386 1 0 0 0
0.798564 0.929978 0 0 0 1
0.409957 -0.147317 1 0 0 0
0.637217 0.423657 0 1 0 0
-0.900415 -0.993975 0 1 0 0
-0.276413 0.649646 0 0 0 1
-0.426366 0.260885 1 0 0 0
-0.686227 0.834446 0 0 1 0
0.057975 -0.474850 1 0 0 0
-0.782075 -0.968545 0 1 0 0
-0.211417 0.407120 1 0 0 0
-0.815031 -0.883354 0 1 0 0
-0.885054 -0.713527 0 1 0 0
-0.032370 -0.466230 1 0 0 0
-0.608713 0.518904 0 0 1 0
-0.602689 -0.600214 0 1 0 0
-0.953042 -0.026580 0 0 0 1
-0.109415 -0.484006 1 0 0 0
-0.274970 0.436719 0 0 0 1
-0.654832 0.250180 0 0 0 1
0.435443 -0.436908 0 0 1 0
-0.809841 0.351676 0 0 0 1
-0.311245 -0.849051 0 0 0 1
0.536644 -0.194599 0 0 0 1
0.910304 0.651590 0 1 0 0
0.079615 -0.380780 1 0 0 0
0.886142 0.010507 0 0 0 1
0.144548 -0.207745 1 0 0 0
0.544334 -0.578045 0 0 1 0
-0.482246 0.312539 0 0 0 1
0.970771 0.804947 0 0 0 1
0.407490 -0.849885 0 0 1 0
-0.157068 -0.286793 1 0 0 0
0.033092 -0.935117 0 0 0 1
0.258139 0.184041 1 0 0 0
-0.936459 0.094345 0 0 0 1
0.253117 0.155416 0 0 0 1
0.872337 -0.218940 0 0 0 1
-0.939898 -0.117156 0 0 0 1
0.925608 -0.147643 0 0 0 1
-0.709338 0.469943 0 0 1 0
0.745439 0.987697 0 1 0 0
0.716209 0.792644 0 1 0 0
0.123699 0.942758 0 0 0 1
0.912169 0.966631 0 1 0 0
-0.518447 -0.000277 0 0 0 1
-0.279152 0.739693 0 0 0 1
-0.816236 -0.677625 0 1 0 0
0.278109 0.575492 0 0 0 1
-0.041351 0.452069 1 0 0 0
0.739709 0.512171 0 1 0 0
0.665317 -0.635472 0 0 1 0
0.135260 0.638839 0 0 0 1
-0.633226 0.122957 0 0 0 1
-0.774310 -0.917017 0 1 0 0
-0.149890 0.206682 1 0 0 0
-0.237721 0.173313 1 0 0 0
0.243833 -0.826964 0 0 0 1
-0.764828 -0.016474 0 0 0 1
-0.643200 -0.442453 0 1 0 0
0.634909 -0.866961 0 0 1 0
0.086978 0.580868 0 0 0 1
0.485118 -0.400851 0 0 1 0
0.150435 -0.036324 1 0 0 0
-0.714305 -0.397485 0 0 0 1
-0.100350 0.408652 1 0 0 0
-0.017367 -0.675747 0 0 0 1
0.678315 -0.810686 0 0 1 0
-0.559406 0.362627 0 0 0 1
-0.303064 0.684427 0 0 0 1
0.535663 -0.067892 0 0 0 1
-0.332047 0.892463 0 0 0 1
0.489655 0.454712 0 1 0 0
0.622694 0.200120 0 0 0 1
-0.385650 0.203562 1 0 0 0
0.213499 0.115102 1 0 0 0
-0.822825 0.647978 0 0 0 1
-0.220310 -0.452372 0 0 0 1
0.530020 0.607895 0 1 0 0
0.854273 0.286210 0 0 0 1
0.719575 0.036884 0 0 0 1
0.726804 0.082202 0 0 0 1
0.733820 0.411231 0 1 0 0
-0.334072 -0.920816 0 0 0 1
-0.489673 -0.844417 0 1 0 0
-0.962301 0.778277 0 0 1 0
-0.347951 -0.018162 1 0 0 0
0.865548 -0.903060 0 0 1 0
-0.957277 0.744918 0 0 1 0
-0.177587 -0.707454 0 0 0 1
-0.093685 -0.569692 0 0 0 1
0.822806 -0.239412 0 0 0 1
0.716518 0.542381 0 1 0 0
0.443322 -0.375418 0 0 0 1
0.531292 -0.145447 0 0 0 1
0.242447 -0.802780 0 0 0 1
-0.066262 0.752774 0 0 0 1
-0.647197 -0.532366 0 1 0 0
-0.868920 0.201650 0 0 0 1
-0.557477 0.112918 0 0 0 1
-0.379095 -0.691929 0 0 0 1
0.209859 0.875832 0 0 0 1
-0.649206 -0.045223 0 0 0 1
0.252128 0.173206 1 0 0 0
-0.841557 0.603514 0 0 1 0
-0.080969 0.320031 1 0 0 0
-0.283497 -0.236647 1 0 0 0
-0.752205 0.617907 0 0 1 0
-0.554985 -0.448356 0 1 0 0
-0.202182 0.019278 0 0 0 1
-0.071102 -0.779072 0 0 0 1
-0.534691 -0.958184 0 1 0 0
-0.226620 0.251675 1 0 0 0
0.124174 -0.793548 0 0 0 1
0.969793 -0.702620 0 0 1 0
-0.871764 0.900894 0 0 1 0
0.047267 0.220925 1 0 0 0
0.763771 0.984278 0 1 0 0
-0.988434 0.602185 0 0 1 0
-0.543419 -0.846171 0 1 0 0
0.254399 0.173107 1 0 0 0
-0.816703 0.394035 0 0 0 1
0.573454 -0.774887 0 0 1 0
-0.653166 0.476788 0 0 1 0
0.471008 0.683240 0 1 0 0
0.768388 0.137016 0 0 0 1
0.051563 0.669282 0 0 0 1
0.660920 -0.901169 0 0 1 0
-0.202666 0.862601 0 0 0 1
-0.125514 0.170840 1 0 0 0
-0.523329 -0.976114 0 1 0 0
-0.369501 0.109244 1 0 0 0
0.803606 -0.782611 0 0 1 0
0.197641 0.790843 0 0 0 1
0.993557 0.433509 0 0 0 1
0.470345 -0.612957 0 0 1 0
0.153586 0.310370 1 0 0 0
-0.709399 -0.638067 0 1 0 0
0.951521 -0.539236 0 0 1 0
-0.251145 -0.676635 0 0 0 1
-0.188951 0.919695 0 0 0 1
-0.802468 0.287719 0 0 0 1
0.943581 -0.471720 0 0 1 0
0.052825 -0.886573 0 0 0 1
0.721825 0.270214 0 0 0 1
0.881871 -0.080534 0 0 0 1
0.061057 0.875428 0 0 0 1
-0.647024 0.198734 0 0 0 1
0.345773 -0.259982 1 0 0 0
-0.500641 -0.949612 0 0 0 1
-0.210040 -0.587679 0 0 0 1
0.230850 -0.258519 1 0 0 0
0.167413 0.490336 0 0 0 1
0.196450 0.978462 0 0 0 1
0.410032 0.393983 0 0 0 1
0.266181 0.353613 1 0 0 0
0.184400 -0.593562 0 0 0 1
-0.964310 -0.093775 0 0 0 1
0.676651 0.917561 0 1 0 0
-0.262292 0.792989 0 0 0 1
-0.821333 0.936442 0 0 1 0
-0.081314 -0.256138 1 0 0 0
-0.030926 -0.071645 1 0 0 0
0.381395 -0.840795 0 0 0 1
0.169562 -0.745520 0 0 0 1
0.326617 -0.340102 1 0 0 0
0.305079 -0.930071 0 0 0 1
-0.155087 -0.428739 1 0 0 0
-0.232824 0.755661 0 0 0 1
0.829980 -0.197134 0 0 0 1
-0.338114 0.506631 0 0 0 1
-0.279574 -0.512422 0 0 0 1
-0.755661 -0.486585 0 1 0 0
-0.819219 0.652176 0 0 1 0
-0.075358 0.290297 1 0 0 0
0.852998 0.718377 0 1 0 0
-0.987798 -0.112061 0 0 0 1
-0.810119 0.338820 0 0 0 1
0.547837 0.640812 0 1 0 0
0.617766 -0.514275 0 0 1 0
0.041308 0.252901 1 0 0 0
-0.128712 -0.944234 0 0 0 1
0.632706 -0.622081 0 0 1 0
-0.879716 -0.377742 0 0 0 1
0.289608 -0.213470 1 0 0 0
-0.058216 -0.628539 0 0 0 1
0.727681 -0.767919 0 0 1 0
0.580678 0.950458 0 1 0 0
0.592880 -0.161603 0 0 0 1
0.050748 -0.068300 1 0 0 0
-0.308440 0.575599 0 0 0 1
-0.996000 0.177285 0 0 0 1
-0.209241 0.045309 1 0 0 0
0.761579 0.916596 0 1 0 0
0.394286 -0.705485 0 0 0 1
0.262145 0.514570 0 0 0 1
-0.083227 -0.448248 1 0 0 0
0.719811 0.493536 0 1 0 0
0.447492 0.725617 0 1 0 0
0.028170 0.676075 0 0 0 1
-0.541107 -0.378949 0 0 0 1
-0.485527 0.509641 0 0 1 0
-0.099293 -0.798799 0 0 0 1
0.128350 -0.095293 1 0 0 0
0.919109 0.950016 0 1 0 0
0.680688 0.866612 0 1 0 0
0.074974 -0.838872 0 0 0 1
0.556768 -0.410456 0 0 1 0
-0.891480 -0.109357 0 0 0 1
-0.202288 0.602056 0 0 0 1
0.563203 -0.754796 0 0 1 0
0.161230 0.273374 1 0 0 0
0.620123 0.894425 0 1 0 0
0.129764 0.447176 1 0 0 0
0.330965 -0.424474 0 0 0 1
0.323636 -0.290549 1 0 0 0
0.273652 -0.481878 0 0 0 1
-0.824676 0.140264 0 0 0 1
-0.187255 0.250298 1 0 0 0
-0.630487 0.839841 0 0 1 0
-0.521967 -0.269515 0 0 0 1
0.177004 -0.919910 0 0 0 1
-0.706312 0.422207 0 0 1 0
0.454918 -0.304419 0 0 0 1
-0.588488 0.075041 0 0 0 1
-0.409994 0.929733 0 0 1 0
-0.962817 -0.651338 0 1 0 0
-0.387291 0.672297 0 0 0 1
-0.754779 0.107345 0 0 0 1
-0.054051 -0.236657 1 0 0 0
-0.913787 0.576088 0 0 1 0
0.387605 0.945601 0 0 0 1
-0.627192 0.766897 0 0 1 0
0.103293 -0.056099 1 0 0 0
0.396981 -0.633892 0 0 0 1
0.911487 -0.148102 0 0 0 1
0.061690 -0.677001 0 0 0 1
0.926939 0.651696 0 1 0 0
-0.868257 0.688879 0 0 1 0
0.667513 -0.698412 0 0 1 0
0.912734 0.408932 0 1 0 0
-0.323923 -0.308399 1 0 0 0
-0.747834 0.224568 0 0 0 1
-0.306541 -0.802233 0 0 0 1
0.597376 -0.539644 0 0 1 0
-0.299332 0.404257 0 0 0 1
0.125126 -0.902351 0 0 0 1
0.770365 0.036613 0 0 0 1
-0.050453 -0.167945 1 0 0 0
-0.123514 -0.516249 0 0 0 1
0.612345 0.008229 0 0 0 1
-0.827371 -0.786261 0 1 0 0
-0.525783 -0.512569 0 1 0 0
0.883149 0.707072 0 1 0 0
-0.425250 0.012927 1 0 0 0
0.799318 0.706386 0 1 0 0
0.396693 -0.833258 0 0 0 1
-0.664111 -0.902638 0 1 0 0
0.461014 -0.804989 0 0 1 0
-0.502372 0.144558 0 0 0 1
-0.826581 0.857240 0 0 0 1
-0.342830 0.469585 0 0 0 1
0.029274 -0.170201 1 0 0 0
0.705016 0.304016 0 0 0 1
-0.829244 -0.706506 0 1 0 0
0.877828 0.558048 0 1 0 0
-0.109245 0.074768 1 0 0 0
-0.402859 -0.210745 1 0 0 0
-0.236117 0.125144 1 0 0 0
-0.665118 -0.413842 0 1 0 0
0.676246 0.083786 0 0 0 1
-0.605142 0.849666 0 0 1 0
-0.584098 -0.493164 0 1 0 0
0.445176 0.336635 0 0 0 1
-0.906065 0.150192 0 0 0 1
-0.359348 -0.735309 0 0 0 1
0.443686 0.827817 0 0 0 1
0.001734 0.589733 0 0 0 1
0.033274 -0.923497 0 0 0 1
0.150966 0.630414 0 0 0 1
-0.134242 -0.891107 0 0 0 1
-0.605703 0.990902 0 0 1 0
-0.270821 -0.422940 0 0 0 1
-0.585518 -0.594575 0 1 0 0
-0.190660 -0.744909 0 0 0 1
-0.398129 0.225242 1 0 0 0
0.012482 -0.329582 0 0 0 1
0.106417 0.820611 0 0 0 1
-0.260786 0.371108 1 0 0 0
-0.432969 0.513627 0 0 1 0
-0.843237 -0.453099 0 1 0 0
0.307730 -0.822685 0 0 0 1
0.208291 0.416623 1 0 0 0
0.199193 -0.419195 1 0 0 0
0.776253 -0.004713 0 0 0 1
0.706216 0.437098 0 1 0 0
0.961308 -0.961030 0 0 1 0
-0.276765 0.051452 1 0 0 0
-0.178203 -0.842131 0 0 0 1
0.520899 0.561010 0 1 0 0
-0.214804 -0.871959 0 0 0 1
0.042604 0.051227 1 0 0 0
0.589505 0.393761 0 0 0 1
0.592534 0.766820 0 1 0 0
0.009157 -0.661568 0 0 0 1
0.801245 0.589962 0 1 0 0
0.577498 -0.414750 0 0 1 0
0.014596 -0.610122 0 0 0 1
0.306747 0.053566 1 0 0 0
-0.970018 -0.894982 0 1 0 0
-0.148221 -0.737114 0 0 0 1
-0.359064 -0.587211 0 0 0 1
0.791863 0.426132 0 1 0 0
-0.165532 -0.522641 0 0 0 1
-0.174366 -0.576027 0 0 0 1
0.871119 -0.581831 0 0 0 1
-0.526828 0.427326 0 0 1 0
-0.725583 0.017288 0 0 0 1
-0.831552 0.851915 0 0 1 0
0.513887 -0.133489 0 0 0 1
0.992416 -0.179366 0 0 0 1
0.920077 0.412164 0 1 0 0
-0.974906 -0.467800 0 1 0 0
-0.712020 0.173136 0 0 0 1
-0.884817 -0.920156 0 1 0 0
-0.343987 -0.085688 1 0 0 0
0.481648 0.338284 0 0 0 1
-0.052255 0.899817 0 0 0 1
0.529077 0.420917 0 1 0 0
-0.941699 0.695333 0 0 1 0
-0.773251 0.547248 0 0 1 0
0.740636 -0.586241 0 0 1 0
-0.438730 -0.666165 0 1 0 0
0.411887 -0.641071 0 0 1 0
0.114281 -0.353090 1 0 0 0
0.229465 -0.273246 1 0 0 0
0.885478 0.641066 0 1 0 0
0.367126 -0.020650 1 0 0 0
0.266942 -0.491573 0 0 0 1
0.101440 -0.405915 1 0 0 0
-0.203227 -0.061484 1 0 0 0
-0.655979 -0.114515 0 0 0 1
-0.465887 -0.242220 0 0 0 1
-0.175130 0.095384 1 0 0 0
-0.823581 -0.492730 0 1 0 0
-0.939833 0.621551 0 0 0 1
0.117051 -0.148984 1 0 0 0
-0.226797 -0.263506 1 0 0 0
0.505980 -0.896381 0 0 1 0
0.186503 0.370562 1 0 0 0
-0.712057 0.964646 0 0 1 0
0.084716 -0.096838 1 0 0 0
0.428737 0.788647 0 1 0 0
-0.813483 -0.386483 0 0 0 1
-0.057247 0.278133 1 0 0 0
0.450023 -0.271322 0 0 0 1
-0.149897 0.071574 1 0 0 0
0.967154 0.922590 0 1 0 0
-0.259643 -0.340916 0 0 0 1
-0.753663 -0.237297 0 0 0 1
0.560240 0.432841 0 0 0 1
0.513290 0.720783 0 0 0 1
-0.966931 -0.194501 0 0 0 1
0.001073 0.346325 1 0 0 0
-0.210281 0.193694 1 0 0 0
0.403236 -0.863554 0 0 1 0
-0.806829 0.586469 0 0 1 0
0.043274 -0.341957 1 0 0 0
0.010428 -0.419367 1 0 0 0
0.750785 0.239717 0 0 0 1
0.019654 0.997123 0 0 0 1
-0.997580 -0.420107 0 1 0 0
-0.864316 -0.906817 0 1 0 0
-0.766405 -0.873748 0 1 0 0
0.234668 0.472577 0 0 0 1
-0.809517 -0.975613 0 1 0 0
-0.388763 0.427623 0 0 0 1
-0.197283 -0.689876 0 0 0 1
0.620794 -0.610814 0 0 1 0
-0.335932 0.047229 1 0 0 0
0.674496 0.627862 0 1 0 0
0.425282 -0.132421 1 0 0 0
0.422404 -0.130001 1 0 0 0
-0.147633 0.005684 1 0 0 0
-0.996886 0.239279 0 0 0 1
-0.285594 0.959360 0 0 0 1
-0.526054 -0.813017 0 0 0 1
-0.501667 -0.146746 0 0 0 1
-0.238920 0.925957 0 0 0 1
0.655970 0.071204 0 0 0 1
0.546751 -0.954844 0 0 1 0
-0.789181 0.092385 0 0 0 1
0.800279 0.885316 0 1 0 0
-0.304298 0.310597 1 0 0 0
-0.389220 -0.266999 1 0 0 0
0.105751 0.585369 0 0 0 1
0.463510 0.693905 0 1 0 0
-0.297212 -0.591689 0 0 0 1
0.547842 0.176735 0 0 0 1
-0.404705 0.697685 0 0 1 0
0.448548 -0.541235 0 0 1 0
0.104519 0.529970 0 0 0 1
0.147776 0.149675 1 0 0 0
0.358595 -0.757939 0 0 0 1
0.139141 0.243911 1 0 0 0
0.834844 -0.445492 0 0 1 0
-0.554376 0.287509 0 0 0 1
0.007962 0.551374 0 0 0 1
-0.127122 -0.528528 0 0 0 1
0.245279 -0.538640 0 0 0 1
0.174260 0.653590 0 0 0 1
-0.990797 -0.649005 0 1 0 0
0.706888 -0.973937 0 0 1 0
-0.834347 0.627087 0 0 1 0
0.695623 -0.225137 0 0 0 1
0.951627 0.034485 0 0 0 1
-0.866542 -0.806312 0 0 0 1
0.377369 0.155996 0 0 0 1
0.931877 0.706132 0 1 0 0
0.219386 -0.285906 0 0 0 1
-0.907736 0.185565 0 0 0 1
0.250747 -0.446376 0 0 0 1
-0.640175 -0.095663 0 0 0 1
-0.437174 -0.289180 0 0 0 1
0.153222 -0.730286 0 0 0 1
-0.263117 -0.149345 1 0 0 0
-0.636030 0.652608 0 0 0 1
0.138833 0.604235 0 0 0 1
0.165475 0.272291 1 0 0 0
0.339102 -0.350340 1 0 0 0
0.347572 -0.418463 0 0 0 1
-0.339949 0.801665 0 0 0 1
0.800923 0.374145 0 0 0 1
0.807133 0.893187 0 1 0 0
0.057880 -0.553189 0 0 0 1
-0.080464 0.962217 0 0 0 1
0.009637 0.630356 0 0 0 1
0.115439 0.279351 1 0 0 0
0.966094 0.714718 0 1 0 0
0.618702 0.845709 0 1 0 0
0.222937 0.011184 1 0 0 0
0.020860 -0.649714 0 0 0 1
0.791994 0.974779 0 1 0 0
-0.626469 -0.365169 0 0 0 1
0.499523 -0.825546 0 0 0 1
0.306656 -0.932359 0 0 0 1
-0.431314 -0.635464 0 1 0 0
0.488222 -0.673247 0 0 1 0
0.118578 0.442192 1 0 0 0
0.485817 0.408286 0 1 0 0
-0.782974 0.026988 0 0 0 1
-0.636133 -0.912932 0 1 0 0
0.375051 0.229402 1 0 0 0
0.725337 0.021396 0 0 0 1
0.245565 0.423194 1 0 0 0
0.880396 -0.077282 0 0 0 1
0.569381 0.889372 0 1 0 0
0.637022 -0.541942 0 0 1 0
-0.848527 0.946280 0 0 1 0
0.675561 0.064858 0 0 0 1
-0.637145 -0.520999 0 1 0 0
0.771141 -0.002842 0 0 0 1
-0.232300 -0.201871 1 0 0 0
-0.145232 0.048054 1 0 0 0
-0.915830 -0.681160 0 1 0 0
0.105566 0.564404 0 0 0 1
0.884607 -0.499507 0 0 1 0
-0.192676 -0.930126 0 0 0 1
0.334172 0.036698 1 0 0 0
0.792230 0.630608 0 1 0 0
0.738509 -0.448729 0 0 1 0
-0.196633 -0.085875 0 0 0 1
0.354042 -0.314734 1 0 0 0
-0.878258 0.483395 0 0 1 0
-0.023490 -0.468550 1 0 0 0
0.060680 -0.149710 1 0 0 0
-0.833754 -0.585306 0 1 0 0
-0.333261 0.859494 0 0 0 1
-0.739467 -0.263387 0 0 0 1
0.193666 0.297231 1 0 0 0
-0.014105 -0.072161 1 0 0 0
-0.275595 0.479110 0 0 0 1
0.835808 0.527772 0 1 0 0
0.848738 -0.118186 0 0 0 1
0.078502 -0.141172 1 0 0 0
-0.438103 0.229942 1 0 0 0
0.093347 -0.662868 0 0 0 1
0.040747 0.943637 0 0 0 1
0.905734 0.206993 0 0 0 1
-0.641669 0.358943 0 0 0 1
0.873733 -0.782175 0 0 1 0
-0.389654 0.411491 0 0 0 1
-0.083292 0.053855 1 0 0 0
0.844547 0.355732 0 0 0 1
0.121791 0.323657 1 0 0 0
-0.350437 0.716892 0 0 0 1
0.040278 0.531378 0 0 0 1
-0.204606 0.899106 0 0 0 1
-0.465066 0.357292 0 0 0 1
0.129048 -0.484999 0 0 0 1
-0.549361 0.466179 0 0 1 0
-0.605724 0.371913 0 0 0 1
-0.237258 -0.247393 1 0 0 0
-0.363526 -0.029568 1 0 0 0
0.246820 -0.618077 0 0 0 1
0.267039 -0.699325 0 0 0 1
-0.220691 0.111586 1 0 0 0
0.901100 -0.564757 0 0 1 0
-0.449337 -0.847864 0 1 0 0
-0.917959 -0.052470 0 0 0 1
0.787331 -0.383025 0 0 0 1
-0.695178 -0.083622 0 0 0 1
0.131976 -0.244539 1 0 0 0
-0.312276 0.149736 1 0 0 0
0.450465 0.902343 0 1 0 0
-0.913060 -0.127225 0 0 0 1
-0.164342 0.333760 1 0 0 0
-0.897302 0.634434 0 0 0 1
0.214284 0.290841 1 0 0 0
0.649527 -0.861212 0 0 1 0
0.801663 -0.972987 0 0 1 0
-0.250807 0.814344 0 0 0 1
0.184786 0.054015 1 0 0 0
-0.683238 0.809475 0 0 1 0
0.004486 -0.040788 1 0 0 0
-0.545049 -0.138445 0 0 0 1
0.353078 -0.458109 0 0 0 1
0.734329 -0.811264 0 0 1 0
-0.010973 -0.708566 0 0 0 1
0.510085 0.023033 0 0 0 1
0.505718 -0.199074 0 0 0 1
-0.041860 0.155245 1 0 0 0
0.443909 -0.043092 1 0 0 0
-0.988280 0.706101 0 0 1 0
0.196506 -0.239884 1 0 0 0
0.513268 -0.430408 0 0 1 0
-0.482246 0.528803 0 0 1 0
-0.027295 -0.609642 0 0 0 1
-0.154097 0.514596 0 0 0 1
-0.875313 0.034639 0 0 0 1
0.390246 0.113714 1 0 0 0
-0.099669 -0.863253 0 0 0 1
-0.168209 0.701257 0 0 0 1
0.094887 0.987036 0 0 0 1
-0.359029 -0.461204 0 0 0 1
-0.056056 0.607698 0 0 0 1
-0.449484 -0.349954 0 0 0 1
-0.611231 0.747023 0 0 1 0
0.900563 0.260291 0 0 0 1
0.979753 -0.474363 0 0 1 0
0.508556 -0.981538 0 0 1 0
0.898915 -0.135635 0 0 0 1
-0.734655 -0.976398 0 1 0 0
0.655591 0.137316 0 0 0 1
0.225076 -0.444078 1 0 0 0
-0.943134 -0.742821 0 1 0 0
-0.956098 -0.101850 0 0 0 1
-0.092254 -0.012154 1 0 0 0
0.458263 0.637892 0 1 0 0
0.205285 0.048054 1 0 0 0
-0.534424 0.027807 0 0 0 1
0.320818 -0.756379 0 0 0 1
-0.463636 0.339280 0 0 0 1
-0.005630 -0.564722 0 0 0 1
-0.796355 0.259715 0 0 0 1
-0.541120 -0.897352 0 1 0 0
0.596196 0.327724 0 0 0 1
0.471229 -0.129741 1 0 0 0
0.728408 0.239209 0 0 0 1
0.428492 -0.373441 0 0 0 1
-0.853045 -0.583661 0 1 0 0
0.605218 -0.945769 0 0 0 1
-0.189496 0.102284 1 0 0 0
0.276080 -0.869909 0 0 0 1
-0.856976 0.519701 0 0 1 0
0.482304 -0.485929 0 0 1 0
0.685949 0.773786 0 1 0 0
0.788597 -0.310908 0 0 0 1
0.156809 0.116320 0 0 0 1
-0.972931 -0.499090 0 1 0 0
0.266278 0.929403 0 0 0 1
-0.484712 0.413234 0 0 1 0
0.647695 0.018452 0 0 0 1
-0.600028 0.674720 0 0 1 0
0.502257 -0.503074 0 0 1 0
0.632348 -0.360049 0 0 0 1
-0.375265 -0.701197 0 0 0 1
-0.877745 0.138806 0 0 0 1
0.400536 0.808203 0 1 0 0
-0.038851 0.596800 0 0 0 1
0.601684 -0.882042 0 0 1 0
0.762006 -0.854973 0 0 1 0
0.650735 0.411305 0 1 0 0
-0.833977 -0.175462 0 0 0 1
0.489175 0.813718 0 1 0 0
0.889147 0.488438 0 1 0 0
0.391403 0.985364 0 0 0 1
-0.223020 0.023751 1 0 0 0
0.401716 0.322555 0 0 0 1
-0.252431 -0.459478 0 0 0 1
-0.276909 -0.444227 0 0 0 1
0.453113 0.684240 0 0 0 1
0.054798 0.802199 0 0 0 1
-0.134306 -0.183197 1 0 0 0
-0.920276 -0.532462 0 1 0 0
0.223158 -0.366439 0 0 0 1
-0.287667 -0.552721 0 0 0 1
-0.973941 -0.398520 0 0 0 1
0.935717 0.698004 0 1 0 0
0.921081 -0.525016 0 0 1 0
-0.453604 0.876700 0 0 1 0
0.293965 -0.582779 0 0 0 1
0.062280 0.849738 0 0 0 1
0.870335 -0.253480 0 0 0 1
-0.997689 -0.074867 0 0 0 1
-0.451281 -0.131995 1 0 0 0
-0.504056 -0.052271 0 0 0 1
-0.790526 0.854475 0 0 0 1
-0.156965 -0.962456 0 0 0 1
-0.116780 0.290314 0 0 0 1
0.484700 0.226031 0 0 0 1
0.761608 0.477583 0 1 0 0
-0.763408 -0.505782 0 1 0 0
-0.886708 -0.166592 0 0 0 1
-0.012527 -0.469487 1 0 0 0
-0.162789 -0.599152 0 0 0 1
-0.357792 -0.160478 1 0 0 0
0.190927 0.707527 0 0 0 1
0.067917 0.686871 0 0 0 1
-0.344743 0.277391 1 0 0 0
-0.173856 -0.879574 0 0 0 1
0.578891 0.709365 0 1 0 0
0.642494 0.194065 0 0 0 1
-0.363229 0.404102 0 0 0 1
-0.328352 0.783883 0 0 0 1
0.640694 0.165866 0 0 0 1
0.477391 0.753986 0 1 0 0
-0.535136 -0.715501 0 1 0 0
0.302075 -0.314653 1 0 0 0
-0.858403 -0.988672 0 1 0 0
0.849125 0.079244 0 0 0 1
0.414968 -0.495619 0 0 1 0
-0.043685 0.330526 1 0 0 0
-0.464795 0.039890 1 0 0 0
-0.822301 -0.766045 0 1 0 0
0.581801 -0.094397 0 0 0 1
-0.691544 0.222494 0 0 0 1
-0.928531 0.785847 0 0 1 0
-0.929258 -0.749289 0 1 0 0
0.965704 0.552786 0 1 0 0
-0.497127 0.694383 0 0 1 0
-0.769030 0.543508 0 0 1 0
0.645938 -0.952111 0 0 1 0
-0.397748 0.378415 0 0 0 1
0.870594 0.137458 0 0 0 1
-0.581695 0.758396 0 0 1 0
-0.347740 -0.717031 0 0 0 1
-0.103043 0.557863 0 0 0 1
-0.408574 -0.880548 0 1 0 0
-0.622727 0.095931 0 0 0 1
0.700074 -0.372016 0 0 0 1
-0.643090 0.665778 0 0 0 1
-0.696765 -0.831349 0 1 0 0
-0.739112 -0.600379 0 1 0 0
0.297786 -0.954441 0 0 0 1
0.466549 -0.308681 0 0 0 1
-0.352188 -0.155036 1 0 0 0
0.785269 0.263269 0 0 0 1
-0.679691 0.100426 0 0 0 1
0.915529 -0.396721 0 0 0 1
0.997383 0.473392 0 1 0 0
-0.883165 0.102723 0 0 0 1
0.571977 0.212766 0 0 0 1
-0.197203 -0.800039 0 0 0 1
0.569676 -0.531425 0 0 1 0
0.872912 -0.362774 0 0 0 1
-0.744117 -0.866200 0 1 0 0
0.674543 0.431586 0 1 0 0
0.141093 -0.877095 0 0 0 1
0.730218 0.986057 0 1 0 0
0.515487 0.249326 0 0 0 1
0.005127 -0.384088 1 0 0 0
0.608406 -0.386704 0 0 0 1
-0.361753 -0.196889 1 0 0 0
0.740970 -0.624912 0 0 1 0
-0.456234 -0.424951 0 1 0 0
0.012341 -0.044220 1 0 0 0
0.649567 0.211664 0 0 0 1
0.519284 -0.313586 0 0 0 1
-0.113793 -0.049130 1 0 0 0
-0.972700 0.073775 0 0 0 1
0.499038 -0.986643 0 0 1 0
0.014524 0.262683 1 0 0 0
0.630437 -0.572461 0 0 1 0
-0.756267 0.065785 0 0 0 1
0.175236 -0.026137 1 0 0 0
0.550324 -0.083240 0 0 0 1
0.350521 -0.874626 0 0 0 1
-0.570667 -0.637138 0 1 0 0
0.814817 -0.987571 0 0 1 0
0.334101 -0.301157 1 0 0 0
-0.715028 -0.532337 0 1 0 0
0.358746 0.966701 0 0 0 1
0.219682 0.117339 1 0 0 0
-0.517634 0.881059 0 0 1 0
-0.090096 -0.746816 0 0 0 1
-0.144605 0.975690 0 0 0 1
0.428420 0.829258 0 1 0 0
-0.021255 -0.253982 0 0 0 1
0.104118 0.175350 1 0 0 0
-0.814728 -0.009833 0 0 0 1
-0.491742 -0.521910 0 1 0 0
0.207101 0.657115 0 0 0 1
-0.390760 0.674764 0 0 0 1
-0.136560 0.967986 0 0 0 1
0.641464 -0.916878 0 0 1 0
-0.377310 -0.434512 0 0 0 1
-0.033616 0.234352 1 0 0 0
0.219568 -0.910254 0 0 0 1
0.451082 -0.352012 0 0 0 1
0.919004 -0.766474 0 0 1 0
-0.334978 -0.633508 0 0 0 1
-0.269149 0.840372 0 0 0 1
-0.137679 -0.083876 1 0 0 0
0.370579 0.394214 0 0 0 1
0.154807 -0.422321 1 0 0 0
0.764047 -0.747557 0 0 1 0
0.732034 0.893907 0 1 0 0
-0.182641 -0.483403 0 0 0 1
-0.436621 0.783743 0 0 1 0
-0.961229 0.003311 0 0 0 1
0.840695 0.489853 0 1 0 0
0.759699 0.723379 0 1 0 0
-0.575279 -0.910128 0 0 0 1
-0.734907 -0.047808 0 0 0 1
-0.074992 0.095632 1 0 0 0
-0.680778 -0.749561 0 1 0 0
0.370551 -0.985514 0 0 0 1
0.152894 0.285320 1 0 0 0
0.046801 0.283212 1 0 0 0
0.563398 0.846591 0 1 0 0
0.314347 0.885363 0 0 0 1
0.350933 0.155042 1 0 0 0
0.002233 -0.085259 1 0 0 0
-0.719735 0.339462 0 0 0 1
0.188466 -0.710851 0 0 0 1
0.604555 -0.859341 0 0 1 0
-0.299813 -0.536570 0 0 0 1
0.533379 -0.049374 0 0 0 1
0.363881 -0.096070 1 0 0 0
-0.483226 -0.810749 0 1 0 0
0.563575 0.472463 0 1 0 0
0.126973 0.319054 1 0 0 0
-0.558680 0.204417 0 0 0 1
-0.025933 0.596362 0 0 0 1
-0.420368 0.976299 0 0 1 0
0.678227 -0.743436 0 0 1 0
-0.133307 -0.454287 1 0 0 0
0.007352 0.759870 0 0 0 1
-0.844694 0.470782 0 0 1 0
0.105932 -0.165337 0 0 0 1
-0.928955 0.351437 0 0 0 1
-0.613570 -0.217323 0 0 0 1
-0.084988 0.858893 0 0 0 1
-0.941811 -0.958014 0 1 0 0
0.681322 -0.516694 0 0 1 0
-0.344611 -0.920333 0 0 0 1
-0.038005 -0.368312 1 0 0 0
-0.359778 -0.111748 1 0 0 0
0.506915 0.433966 0 1 0 0
-0.485732 0.193836 0 0 0 1
-0.948240 0.985050 0 0 1 0
0.157692 -0.180287 1 0 0 0
0.228737 -0.828850 0 0 0 1
0.070695 -0.988586 0 0 0 1
0.086163 -0.070412 0 0 0 1
0.128148 -0.892466 0 0 0 1
0.750925 0.611454 0 1 0 0
-0.593686 0.691121 0 0 1 0
0.038002 -0.718109 0 0 0 1
-0.907886 0.926255 0 0 1 0
0.599029 0.360220 0 0 0 1
-0.380321 -0.886703 0 0 0 1
-0.445944 -0.328561 0 0 0 1
-0.901653 0.041142 0 0 0 1
0.829132 -0.081940 0 0 0 1
0.725407 0.057869 0 0 0 1
0.089210 -0.203898 1 0 0 0
-0.824627 0.725690 0 0 1 0
0.303521 0.833224 0 0 0 1
-0.110188 -0.085025 1 0 0 0
0.296126 -0.393903 1 0 0 0
-0.665872 -0.112013 0 0 0 1
0.867126 -0.739617 0 0 1 0
0.466155 0.620603 0 1 0 0
0.579451 -0.825341 0 0 1 0
0.677798 0.215801 0 0 0 1
-0.268537 -0.404142 1 0 0 0
0.789332 0.685068 0 1 0 0
-0.141384 0.860441 0 0 0 1
0.463000 0.997502 0 1 0 0
0.296224 -0.112686 0 0 0 1
0.619344 -0.816560 0 0 1 0
0.394356 -0.482431 0 0 0 1
0.573022 0.261482 0 0 0 1
-0.222049 0.184234 1 0 0 0
-0.601446 0.415126 0 0 1 0
-0.426786 -0.682542 0 1 0 0
0.789015 0.048921 0 0 0 1
-0.419257 -0.269777 1 0 0 0
-0.734189 -0.532466 0 1 0 0
-0.873748 0.930534 0 0 1 0
0.290214 0.226758 1 0 0 0
0.369152 -0.153898 1 0 0 0
-0.945814 -0.759542 0 1 0 0
0.627207 0.501940 0 0 0 1
-0.188558 -0.770424 0 0 0 1
-0.540799 -0.773432 0 1 0 0
0.032414 -0.455974 1 0 0 0
-0.178571 0.592947 0 0 0 1
0.102293 0.551653 0 0 0 1
-0.568799 0.368104 0 0 0 1
-0.980813 -0.871930 0 1 0 0
0.949721 0.822442 0 1 0 0
0.176478 -0.595872 0 0 0 1
-0.846278 -0.977420 0 1 0 0
-0.792092 -0.736962 0 1 0 0
0.835115 0.764978 0 1 0 0
-0.353443 0.994554 0 0 0 1
-0.028204 -0.126875 1 0 0 0
-0.995790 0.417151 0 0 1 0
-0.174361 0.010098 0 0 0 1
-0.622708 0.441298 0 0 1 0
-0.603521 0.569368 0 0 1 0
-0.653801 0.391810 0 0 0 1
0.802091 0.522678 0 1 0 0
0.955813 0.545258 0 1 0 0
-0.836279 0.808296 0 0 1 0
0.998836 0.573273 0 1 0 0
-0.354607 0.567827 0 0 0 1
-0.098468 0.518518 0 0 0 1
-0.900955 -0.094258 0 0 0 1
-0.064332 0.151812 1 0 0 0
0.945766 0.306872 0 0 0 1
-0.891326 0.387064 0 0 0 1
-0.169964 -0.494848 0 0 0 1
-0.043568 0.847557 0 0 0 1
-0.148648 -0.651758 0 0 0 1
0.649648 -0.625971 0 0 0 1
0.605461 0.919287 0 1 0 0
0.769183 0.727583 0 1 0 0
0.768019 0.300856 0 0 0 1
-0.543752 -0.586588 0 1 0 0
0.357780 0.931930 0 0 0 1
-0.032273 -0.736478 0 0 0 1
-0.132402 -0.880461 0 0 0 1
0.994904 -0.186636 0 0 0 1
0.426411 -0.896423 0 0 1 0
-0.743553 -0.391270 0 0 0 1
0.156861 -0.895996 0 0 0 1
0.460081 0.505103 0 1 0 0
0.834111 0.649282 0 1 0 0
0.753398 -0.241347 0 0 0 1
0.128296 0.480980 1 0 0 0
-0.103685 -0.218164 1 0 0 0
0.309727 0.650519 0 0 0 1
0.099192 0.241657 1 0 0 0
0.362713 -0.890745 0 0 0 1
-0.262215 0.357617 1 0 0 0
-0.835804 0.461194 0 0 1 0
-0.579356 -0.930076 0 1 0 0
-0.475352 0.530005 0 0 1 0
-0.721700 0.364116 0 0 0 1
0.434294 0.637414 0 1 0 0
-0.807054 -0.234289 0 0 0 1
-0.401506 0.478111 0 0 1 0
0.380330 0.219523 1 0 0 0
0.030849 -0.681286 0 0 0 1
-0.786590 0.649095 0 0 1 0
-0.677335 -0.613119 0 1 0 0
0.245284 -0.448923 0 0 0 1
-0.499761 -0.631668 0 1 0 0
-0.429837 -0.351760 0 0 0 1
0.496368 -0.899832 0 0 1 0
0.774669 0.464284 0 1 0 0
0.412083 -0.418202 0 0 0 1
-0.822206 0.180292 0 0 0 1
0.538602 0.839820 0 1 0 0
-0.241875 -0.188427 1 0 0 0
0.076840 0.024983 1 0 0 0
-0.241732 0.347648 1 0 0 0
0.797313 -0.407068 0 0 0 1
-0.702448 -0.038736 0 0 0 1
0.150245 -0.132285 1 0 0 0
-0.353387 -0.032116 0 0 0 1
-0.578718 -0.567832 0 1 0 0
0.833365 0.013966 0 0 0 1
0.970792 -0.988842 0 0 0 1
0.509394 0.850978 0 1 0 0
-0.732480 -0.337449 0 0 0 1
-0.653648 0.344360 0 0 0 1
0.687534 0.586920 0 0 0 1
0.035182 0.214367 1 0 0 0
0.628114 0.392892 0 0 0 1
-0.802508 -0.410622 0 1 0 0
0.065207 -0.801118 0 0 0 1
0.189750 -0.966909 0 0 0 1
-0.758362 0.611032 0 0 1 0
-0.848061 0.444396 0 0 1 0
-0.877269 0.455555 0 0 1 0
0.632125 0.306532 0 0 0 1
-0.571637 0.899645 0 0 1 0
-0.225285 0.244004 1 0 0 0
-0.638366 0.346632 0 0 0 1
-0.308201 0.576002 0 0 0 1
0.246572 -0.680087 0 0 0 1
-0.031106 0.444064 1 0 0 0
0.512031 -0.490729 0 0 1 0
-0.298219 -0.457638 0 0 0 1
0.349811 -0.687187 0 0 0 1
0.007620 0.501750 0 0 0 1
0.757209 -0.513155 0 0 1 0
0.212764 -0.839673 0 0 0 1
0.256606 -0.480704 0 0 0 1
-0.411310 0.156250 1 0 0 0
0.363405 -0.599745 0 0 0 1
-0.855003 0.725039 0 0 1 0
-0.163205 0.301041 1 0 0 0
0.156708 -0.730065 0 0 0 1
-0.562478 -0.934001 0 1 0 0
-0.053207 0.174173 1 0 0 0
0.489155 -0.476016 0 0 1 0
-0.503225 -0.974266 0 1 0 0
-0.016380 0.650214 0 0 0 1
0.766534 0.143947 0 0 0 1
-0.093180 -0.714170 0 0 0 1
0.732637 -0.936930 0 0 1 0
0.096041 -0.536675 0 0 0 1
-0.080794 -0.178920 1 0 0 0
0.756001 -0.877878 0 0 1 0
-0.087290 -0.607943 0 0 0 1
0.641191 -0.021291 0 0 0 1
-0.825977 -0.412016 0 0 0 1
-0.342230 -0.922861 0 0 0 1
-0.323134 0.454330 0 0 0 1
-0.426086 -0.297401 0 0 0 1
-0.991901 0.557534 0 0 1 0
0.774633 -0.298519 0 0 0 1
0.259634 -0.939537 0 0 0 1
-0.565883 0.322704 0 0 0 1
-0.165327 0.530159 0 0 0 1
0.786030 0.753879 0 1 0 0
0.996241 0.509881 0 1 0 0
0.199911 -0.577410 0 0 0 1
-0.134583 -0.158898 1 0 0 0
0.039440 0.429086 1 0 0 0
0.697210 0.506225 0 1 0 0
0.151540 -0.919860 0 0 0 1
-0.066354 0.159639 1 0 0 0
0.286459 -0.065728 1 0 0 0
-0.453907 -0.005264 1 0 0 0
0.868798 0.829409 0 1 0 0
0.654827 0.583288 0 1 0 0
0.651068 0.093168 0 0 0 1
0.128030 -0.149021 1 0 0 0
0.993448 0.692081 0 1 0 0
0.032887 0.121167 1 0 0 0
-0.269903 -0.372607 1 0 0 0
0.881637 -0.292468 0 0 0 1
0.635930 0.041276 0 0 0 1
-0.654794 -0.077610 0 0 0 1
0.975548 -0.315640 0 0 0 1
0.468483 -0.029716 1 0 0 0
0.337281 -0.200308 1 0 0 0
-0.007892 -0.617020 0 0 0 1
-0.584268 -0.356824 0 0 0 1
0.476148 0.543762 0 1 0 0
-0.008093 0.537209 0 0 0 1
0.186236 0.908964 0 0 0 1
-0.429903 -0.692596 0 1 0 0
0.300194 -0.065204 1 0 0 0
0.181831 0.642329 0 0 0 1
-0.281582 -0.776893 0 0 0 1
0.987535 0.640807 0 0 0 1
-0.328105 0.109290 1 0 0 0
-0.870474 -0.553429 0 1 0 0
0.890589 0.438679 0 1 0 0
-0.693680 -0.918145 0 1 0 0
0.850082 0.576010 0 1 0 0
0.387291 -0.237754 1 0 0 0
0.957388 0.069650 0 0 0 1
0.108833 0.257582 0 0 0 1
-0.808679 -0.560587 0 1 0 0
-0.090262 -0.337480 1 0 0 0
-0.449454 -0.138825 1 0 0 0
0.659836 -0.969887 0 0 1 0
-0.893593 0.998744 0 0 1 0
0.545085 -0.649645 0 0 1 0
0.626940 -0.821886 0 0 1 0
0.202950 -0.002221 1 0 0 0
0.965196 0.726410 0 1 0 0
0.034846 -0.164757 1 0 0 0
0.039292 0.026563 1 0 0 0
-0.313933 0.936301 0 0 0 1
-0.813084 -0.679624 0 1 0 0
0.048090 -0.373420 0 0 0 1
0.078204 0.062311 1 0 0 0
0.076948 0.388630 1 0 0 0
0.427302 -0.978731 0 0 1 0
0.605416 -0.496009 0 0 1 0
-0.396805 -0.625996 0 0 0 1
-0.406738 -0.670395 0 1 0 0
0.628108 0.164848 0 0 0 1
0.286388 -0.332600 0 0 0 1
-0.189216 0.353467 0 0 0 1
-0.002300 0.673843 0 0 0 1
-0.385440 -0.954209 0 0 0 1
-0.699577 -0.238757 0 0 0 1
0.123994 0.362734 1 0 0 0
-0.799058 -0.248636 0 0 0 1
-0.187493 0.628244 0 0 0 1
-0.227366 -0.762377 0 0 0 1
0.233660 0.276624 1 0 0 0
0.836856 0.650628 0 1 0 0
-0.833539 0.852033 0 0 1 0
0.331308 0.138420 1 0 0 0
0.522720 0.949205 0 1 0 0
0.650432 -0.053095 0 0 0 1
-0.218234 -0.735008 0 0 0 1
-0.007304 0.082190 1 0 0 0
-0.883310 -0.555076 0 0 0 1
-0.682369 0.196288 0 0 0 1
-0.146926 0.945875 0 0 0 1
0.968922 0.090697 0 0 0 1
0.179536 0.245546 1 0 0 0
0.016391 -0.103826 1 0 0 0
0.182852 -0.251793 1 0 0 0
-0.485840 0.886627 0 0 1 0
-0.963121 0.835832 0 0 1 0
0.687311 -0.217263 0 0 0 1
-0.853460 0.952303 0 0 1 0
0.228729 -0.021463 1 0 0 0
0.673653 0.019104 0 0 0 1
-0.790247 -0.130059 0 0 0 1
0.872177 -0.844371 0 0 1 0
-0.037126 0.335164 0 0 0 1
-0.080741 -0.648445 0 0 0 1
-0.019417 -0.665407 0 0 0 1
0.534407 0.728789 0 1 0 0
-0.951433 0.615417 0 0 1 0
-0.914554 0.451248 0 0 1 0
0.772758 -0.766015 0 0 1 0
0.725061 -0.990583 0 0 1 0
-0.296402 0.901539 0 0 0 1
0.507530 0.722702 0 0 0 1
-0.622529 0.594879 0 0 1 0
0.216334 -0.442247 1 0 0 0
0.300743 0.477012 0 0 0 1
0.953642 -0.718674 0 0 1 0
0.488048 -0.989885 0 0 1 0
0.536615 0.625532 0 1 0 0
0.622062 0.076780 0 0 0 1
-0.798967 0.394820 0 0 0 1
0.310765 -0.193819 1 0 0 0
0.320182 -0.359943 1 0 0 0
0.221722 -0.852413 0 0 0 1
0.546181 0.333015 0 0 0 1
-0.474942 0.141060 1 0 0 0
0.741392 0.698813 0 1 0 0
0.042134 0.175824 1 0 0 0
0.323460 -0.012571 1 0 0 0
0.333575 0.636020 0 0 0 1
-0.819672 -0.040893 0 0 0 1
0.378445 0.802390 0 0 0 1
-0.964113 0.579478 0 0 1 0
0.346652 -0.614341 0 0 0 1
-0.682909 -0.333166 0 0 0 1
0.025716 -0.859431 0 0 0 1
0.888556 0.173303 0 0 0 1
0.686750 0.221571 0 0 0 1
0.698361 -0.172190 0 0 0 1
-0.178493 0.439753 1 0 0 0
-0.976470 -0.518112 0 1 0 0
0.179194 0.805348 0 0 0 1
-0.310124 0.822906 0 0 0 1
0.138923 -0.674104 0 0 0 1
-0.996766 -0.901970 0 1 0 0
0.805624 -0.866083 0 0 1 0
0.002834 0.480569 1 0 0 0
0.319925 -0.852597 0 0 0 1
-0.304806 0.460494 0 0 0 1
-0.964041 0.868498 0 0 1 0
0.257530 0.566859 0 0 0 1
0.975054 -0.920963 0 0 1 0
-0.498324 -0.897433 0 1 0 0
-0.795877 0.281761 0 0 0 1
0.293848 -0.106001 1 0 0 0
-0.567229 0.219894 0 0 0 1
0.107902 -0.469199 1 0 0 0
-0.086474 -0.335283 1 0 0 0
0.916360 -0.854714 0 0 1 0
0.236284 -0.707312 0 0 0 1
-0.427274 -0.303221 0 0 0 1
-0.671353 -0.558776 0 1 0 0
0.586177 -0.991917 0 0 1 0
0.665214 0.014696 0 0 0 1
-0.679248 0.767781 0 0 1 0
-0.475125 0.049542 1 0 0 0
0.418874 -0.845791 0 0 1 0
-0.361232 0.262111 1 0 0 0
0.563003 -0.824363 0 0 1 0
0.771056 -0.908004 0 0 1 0
0.648588 0.328281 0 0 0 1
0.863307 -0.778686 0 0 0 1
-0.808045 -0.337462 0 0 0 1
0.869082 0.778132 0 1 0 0
0.688158 0.443346 0 1 0 0
-0.991089 0.211127 0 0 0 1
-0.811487 -0.466214 0 1 0 0
0.985557 0.952660 0 1 0 0
-0.784628 -0.408572 0 1 0 0
-0.024012 -0.845569 0 0 0 1
0.852625 -0.598679 0 0 1 0
0.944621 0.971940 0 1 0 0
0.272902 0.835247 0 0 0 1
0.795389 0.297962 0 0 0 1
-0.972799 -0.542073 0 1 0 0
0.805333 0.128548 0 0 0 1
-0.144798 0.248679 1 0 0 0
-0.135887 -0.540194 0 0 0 1
0.002379 0.397899 1 0 0 0
-0.012064 0.350559 1 0 0 0
0.203308 0.941987 0 0 0 1
-0.187659 -0.820704 0 0 0 1
-0.903582 -0.335034 0 0 0 1
-0.419383 -0.978095 0 1 0 0
-0.447443 0.595980 0 0 1 0
-0.612196 0.391369 0 0 0 1
0.180451 -0.584995 0 0 0 1
0.849296 -0.652505 0 0 1 0
-0.022156 0.202698 1 0 0 0
0.791709 -0.933189 0 0 1 0
-0.205912 0.464711 0 0 0 1
-0.350701 0.782024 0 0 0 1
-0.184730 0.784651 0 0 0 1
-0.014668 -0.242743 1 0 0 0
0.164629 -0.146325 1 0 0 0
0.745246 -0.124420 0 0 0 1
0.871545 -0.702197 0 0 1 0
0.754035 -0.314393 0 0 0 1
0.862929 -0.065514 0 0 0 1
0.100612 0.712224 0 0 0 1
0.281981 0.320951 1 0 0 0
-0.515321 -0.210032 0 0 0 1
-0.518222 -0.448510 0 1 0 0
0.275866 -0.983799 0 0 0 1
0.368090 0.057890 1 0 0 0
0.152742 -0.956778 0 0 0 1
0.588728 0.749734 0 1 0 0
-0.557597 0.011692 0 0 0 1
-0.046903 0.317983 1 0 0 0
0.250901 0.789543 0 0 0 1
-0.362728 0.936508 0 0 0 1
0.652472 0.571758 0 1 0 0
0.364696 -0.146261 1 0 0 0
-0.945235 0.338418 0 0 0 1
0.148039 -0.463458 1 0 0 0
0.866830 0.812408 0 1 0 0
0.234921 -0.129702 1 0 0 0
-0.612337 -0.086480 0 0 0 1
-0.673692 -0.862603 0 0 0 1
-0.231289 0.149089 1 0 0 0
-0.913306 -0.967674 0 1 0 0
0.876237 -0.330402 0 0 0 1
-0.738124 0.528709 0 0 1 0
0.298996 -0.106595 1 0 0 0
0.657067 -0.051830 0 0 0 1
-0.566487 -0.194895 0 0 0 1
0.484712 -0.676579 0 0 1 0
0.297120 -0.770469 0 0 0 1
0.906857 -0.832582 0 0 1 0
-0.705481 0.080938 0 0 0 1
0.293419 -0.568084 0 0 0 1
0.202308 -0.937870 0 0 0 1
0.581005 -0.723224 0 0 0 1
0.613331 -0.397856 0 0 0 1
-0.974938 -0.717071 0 1 0 0
0.553771 -0.475715 0 0 0 1
-0.552824 0.619379 0 0 1 0
0.395346 -0.947108 0 0 0 1
-0.374812 -0.119942 1 0 0 0
0.297124 -0.822822 0 0 0 1
-0.394156 0.203981 1 0 0 0
0.572954 0.498500 0 1 0 0
-0.133627 0.930416 0 0 0 1
-0.372158 -0.071497 1 0 0 0
-0.095382 0.077328 1 0 0 0
0.506762 0.102389 0 0 0 1
0.407681 -0.629217 0 0 1 0
0.931965 -0.466201 0 0 1 0
0.551344 -0.646118 0 0 1 0
0.604236 -0.020929 0 0 0 1
0.378739 0.980549 0 0 0 1
-0.723805 0.555917 0 0 1 0
0.480175 0.900513 0 0 0 1
-0.021325 0.326046 1 0 0 0
-0.090909 0.953888 0 0 0 1
0.954224 -0.579488 0 0 1 0
0.031552 0.545263 0 0 0 1
-0.634732 -0.866059 0 1 0 0
-0.263949 -0.209899 1 0 0 0
0.269850 0.893437 0 0 0 1
-0.563747 0.623732 0 0 1 0
-0.959511 -0.397197 0 0 0 1
0.770857 -0.978962 0 0 1 0
0.326774 -0.392569 0 0 0 1
-0.640827 0.227286 0 0 0 1
-0.233222 0.337849 1 0 0 0
0.792498 -0.753060 0 0 1 0
0.746722 -0.332549 0 0 0 1
0.365726 -0.221727 1 0 0 0
0.730994 -0.087786 0 0 0 1
0.165658 -0.532955 0 0 0 1
0.702315 -0.949434 0 0 1 0
0.595752 -0.513181 0 0 1 0
0.987869 -0.472692 0 0 1 0
0.758726 -0.451654 0 0 1 0
0.085499 0.155776 1 0 0 0
-0.687214 0.922554 0 0 1 0
-0.133882 0.715052 0 0 0 1
-0.213610 0.373339 1 0 0 0
0.453841 -0.260935 0 0 0 1
-0.759953 0.666556 0 0 1 0
0.152261 -0.167786 1 0 0 0
-0.145424 -0.117220 1 0 0 0
-0.549672 0.369599 0 0 0 1
-0.965372 -0.561803 0 1 0 0
0.998058 -0.803077 0 0 1 0
-0.159513 0.282423 1 0 0 0
-0.957911 0.595209 0 0 1 0
-0.418461 -0.538673 0 1 0 0
0.367929 0.834666 0 0 0 1
-0.299593 -0.178229 1 0 0 0
-0.059546 -0.511673 0 0 0 1
0.043790 -0.907285 0 0 0 1
0.320540 0.980895 0 0 0 1
-0.052708 -0.796680 0 0 0 1
-0.345105 0.397620 0 0 0 1
0.572919 -0.310477 0 0 0 1
0.835817 0.469826 0 1 0 0
-0.967260 0.915078 0 0 1 0
0.315163 0.516107 0 0 0 1
0.570156 -0.089629 0 0 0 1
0.039689 -0.848304 0 0 0 1
0.371698 -0.721677 0 0 0 1
0.519625 0.206364 0 0 0 1
-0.021270 -0.658604 0 0 0 1
0.780095 0.919184 0 1 0 0
-0.176115 -0.988100 0 0 0 1
-0.849737 -0.195219 0 0 0 1
-0.040809 -0.646417 0 0 0 1
0.459676 -0.643189 0 0 1 0
-0.850801 -0.807372 0 1 0 0
-0.163220 -0.774632 0 0 0 1
0.311406 -0.635152 0 0 0 1
0.540531 -0.172487 0 0 0 1
0.935005 -0.549097 0 0 1 0
-0.913300 0.822601 0 0 0 1
0.606325 0.028965 0 0 0 1
0.124254 0.947721 0 0 0 1
-0.190940 0.043439 1 0 0 0
0.632945 0.055339 0 0 0 1
-0.072294 -0.562275 0 0 0 1
-0.985470 0.281289 0 0 0 1
0.897401 -0.628659 0 0 1 0
-0.953400 -0.436031 0 1 0 0
-0.116620 -0.210663 1 0 0 0
0.248229 -0.670131 0 0 0 1
-0.256964 0.183233 1 0 0 0
-0.389762 0.269933 1 0 0 0
-0.244238 -0.123741 1 0 0 0
0.880017 -0.176020 0 0 0 1
-0.558603 -0.076544 0 0 0 1
0.601424 -0.925658 0 0 1 0
-0.470870 -0.487933 0 1 0 0
0.810419 -0.590531 0 0 1 0
0.018210 -0.543931 0 0 0 1
-0.071366 0.622328 0 0 0 1
0.339450 0.717972 0 0 0 1
0.537852 -0.412322 0 0 0 1
-0.719112 0.770911 0 0 1 0
-0.108874 0.040845 1 0 0 0
0.646888 0.917104 0 1 0 0
0.526905 -0.258916 0 0 0 1
0.505720 -0.549639 0 0 1 0
0.580063 -0.570845 0 0 1 0
-0.907870 -0.577521 0 1 0 0
-0.498401 -0.212855 0 0 0 1
0.700266 -0.042332 0 0 0 1
0.715779 0.322594 0 0 0 1
-0.702883 0.433751 0 0 1 0
-0.115205 0.481591 1 0 0 0
-0.344293 -0.689796 0 0 0 1
-0.967541 0.696551 0 0 1 0
0.679348 0.613655 0 1 0 0
0.206253 -0.645261 0 0 0 1
-0.687768 0.656614 0 0 1 0
0.892295 -0.914231 0 0 1 0
0.984425 -0.491752 0 0 1 0
-0.513976 0.295392 0 0 0 1
0.951205 0.443692 0 1 0 0
0.273799 0.740809 0 0 0 1
-0.555078 -0.865756 0 1 0 0
0.926514 0.275578 0 0 0 1
0.281311 -0.763283 0 0 0 1
0.308037 -0.022137 1 0 0 0
-0.012615 -0.408482 1 0 0 0
-0.806362 -0.053743 0 0 0 1
0.097651 0.850251 0 0 0 1
0.643502 -0.010054 0 0 0 1
0.936020 0.212386 0 0 0 1
-0.025629 -0.555732 0 0 0 1
0.463325 0.460395 0 1 0 0
0.414531 -0.095913 1 0 0 0
-0.311670 -0.355104 1 0 0 0
-0.177425 0.270501 1 0 0 0
-0.901848 -0.448188 0 1 0 0
0.406189 0.529675 0 1 0 0
-0.606426 -0.878807 0 0 0 1
-0.412788 0.067450 1 0 0 0
-0.562537 -0.289048 0 0 0 1
-0.789094 -0.626517 0 1 0 0
0.185277 -0.182250 1 0 0 0
-0.354328 -0.442590 0 0 0 1
-0.198806 0.549759 0 0 0 1
0.308241 0.489524 0 0 0 1
-0.805345 -0.496005 0 1 0 0
0.465156 0.626262 0 1 0 0
-0.983032 -0.014753 0 0 0 1
0.816441 0.546644 0 1 0 0
-0.789985 0.667837 0 0 1 0
-0.202773 -0.264713 1 0 0 0
0.234690 0.446239 0 0 0 1
0.878312 0.608172 0 1 0 0
0.063589 -0.574078 0 0 0 1
-0.243760 0.709261 0 0 0 1
-0.016668 0.557434 0 0 0 1
0.259020 -0.708426 0 0 0 1
0.046959 0.453675 1 0 0 0
0.359058 -0.081169 1 0 0 0
0.769309 -0.064201 0 0 0 1
0.407077 0.585750 0 1 0 0
0.730215 0.795765 0 0 0 1
-0.823338 -0.407009 0 1 0 0
0.844068 0.827681 0 1 0 0
0.722381 0.435853 0 1 0 0
-0.214030 0.861776 0 0 0 1
-0.542378 -0.504769 0 1 0 0
-0.984944 0.754251 0 0 1 0
0.062015 0.207925 1 0 0 0
-0.578928 -0.873244 0 1 0 0
-0.809619 0.062556 0 0 0 1
0.761159 0.776130 0 1 0 0
0.491374 0.571895 0 1 0 0
0.668035 -0.835114 0 0 1 0
0.512104 0.992567 0 1 0 0
0.234484 0.428421 1 0 0 0
-0.979546 0.290197 0 0 0 1
0.071653 -0.484315 0 0 0 1
0.086709 -0.730064 0 0 0 1
0.271987 -0.851276 0 0 0 1
0.477861 0.204237 0 0 0 1
-0.430204 0.604617 0 0 1 0
-0.239823 -0.332827 1 0 0 0
-0.463693 -0.787828 0 1 0 0
-0.891798 0.907450 0 0 1 0
-0.726912 -0.511705 0 1 0 0
-0.734344 0.400946 0 0 1 0
0.694076 -0.985023 0 0 1 0
-0.015727 0.086631 1 0 0 0
0.119578 -0.826660 0 0 0 1
-0.968450 -0.608436 0 1 0 0
0.509411 0.595802 0 1 0 0
0.114028 0.154121 1 0 0 0
0.781202 -0.526402 0 0 0 1
0.993373 0.284450 0 0 0 1
-0.703453 0.900824 0 0 1 0
-0.430365 -0.610881 0 1 0 0
-0.164709 0.790065 0 0 0 1
-0.020198 -0.470633 1 0 0 0
-0.774268 0.513640 0 0 1 0
0.987346 -0.366782 0 0 0 1
0.065014 -0.981104 0 0 0 1
0.024782 0.387078 1 0 0 0
-0.379416 -0.721062 0 0 0 1
-0.357664 0.774704 0 0 0 1
0.930976 -0.576463 0 0 1 0
-0.880679 -0.583089 0 1 0 0
-0.584133 -0.682266 0 1 0 0
-0.014498 -0.293146 1 0 0 0
0.820793 -0.503081 0 0 0 1
-0.649840 -0.698039 0 1 0 0
0.863800 0.193634 0 0 0 1
-0.756703 -0.502982 0 1 0 0
-0.737806 0.521799 0 0 1 0
0.790501 -0.857617 0 0 1 0
-0.567164 0.917088 0 0 1 0
-0.143626 -0.834610 0 0 0 1
0.974960 0.273284 0 0 0 1
0.698143 -0.609172 0 0 1 0
-0.005767 0.376330 1 0 0 0
-0.955350 0.197123 0 0 0 1
-0.205209 -0.925131 0 0 0 1
0.547283 0.096752 0 0 0 1
-0.669180 0.411083 0 0 1 0
-0.425882 0.908101 0 0 1 0
-0.163688 0.429900 0 0 0 1
-0.373188 0.572284 0 0 0 1
-0.880576 0.059649 0 0 0 1
0.489371 0.975064 0 1 0 0
0.654761 0.950024 0 1 0 0
0.352904 -0.659148 0 0 0 1
-0.219674 -0.652863 0 0 0 1
0.717182 0.078198 0 0 0 1
-0.608213 -0.085695 0 0 0 1
0.872989 -0.533344 0 0 1 0
-0.030258 -0.202524 1 0 0 0
0.260128 0.371594 1 0 0 0
0.809162 -0.792094 0 0 1 0
-0.996078 -0.165282 0 0 0 1
-0.217043 -0.876655 0 0 0 1
0.894367 -0.727672 0 0 0 1
0.810390 0.927089 0 0 0 1
-0.000304 0.279994 1 0 0 0
0.780022 0.627131 0 0 0 1
-0.141780 -0.981082 0 0 0 1
0.020772 -0.268791 1 0 0 0
0.482360 0.700951 0 1 0 0
0.355032 -0.038921 1 0 0 0
0.135805 -0.229759 1 0 0 0
-0.653522 -0.225838 0 0 0 1
0.697268 0.129435 0 0 0 1
-0.102493 0.591635 0 0 0 1
0.401763 -0.004084 1 0 0 0
0.328852 0.044349 1 0 0 0
-0.391154 0.433634 0 0 0 1
-0.818257 -0.764023 0 1 0 0
0.039963 -0.745105 0 0 0 1
-0.439128 0.771173 0 0 1 0
-0.956768 0.472124 0 0 0 1
0.398264 -0.566797 0 0 0 1
-0.321837 -0.465931 0 0 0 1
0.203443 0.540713 0 0 0 1
-0.119453 0.977605 0 0 0 1
0.237981 -0.990018 0 0 0 1
-0.124887 -0.170384 1 0 0 0
0.871029 -0.768359 0 0 1 0
-0.084622 -0.366637 1 0 0 0
-0.650988 -0.184894 0 0 0 1
0.585419 0.889113 0 1 0 0
0.840314 -0.550015 0 0 1 0
-0.419218 -0.506783 0 1 0 0
-0.395700 0.891482 0 0 0 1
0.531568 0.282463 0 0 0 1
-0.574449 -0.264988 0 0 0 1
-0.176824 0.306098 1 0 0 0
-0.938843 0.316080 0 0 0 1
0.587730 -0.109227 0 0 0 1
-0.272176 0.458759 0 0 0 1
0.122414 0.468420 1 0 0 0
0.755777 -0.182137 0 0 0 1
-0.276851 -0.429117 0 0 0 1
-0.596718 -0.387738 0 0 0 1
-0.574048 -0.756404 0 1 0 0
-0.947806 -0.175622 0 0 0 1
0.555464 0.150560 0 0 0 1
0.428678 0.446946 0 1 0 0
-0.288859 0.872497 0 0 0 1
0.417140 0.534316 0 1 0 0
-0.870243 0.595473 0 0 1 0
0.717487 -0.513754 0 0 1 0
0.176245 0.608660 0 0 0 1
-0.309081 0.550383 0 0 0 1
0.364437 0.508782 0 0 0 1
-0.726468 0.935320 0 0 1 0
-0.114206 -0.638728 0 0 0 1
-0.844341 0.948040 0 0 1 0
-0.019963 0.503505 0 0 0 1
0.564026 -0.591285 0 0 1 0
-0.753846 0.119856 0 0 0 1
-0.177053 0.663293 0 0 0 1
-0.345828 -0.998458 0 0 0 1
0.793050 -0.750355 0 0 1 0
0.510537 -0.264109 0 0 0 1
0.718715 -0.313218 0 0 0 1
-0.655449 -0.590367 0 1 0 0
0.708989 0.918415 0 1 0 0
0.644309 0.830478 0 1 0 0
-0.994419 0.986138 0 0 1 0
-0.580953 -0.033826 0 0 0 1
-0.151965 0.983073 0 0 0 1
0.374889 0.798485 0 0 0 1
-0.770773 -0.505255 0 1 0 0
0.892520 0.148917 0 0 0 1
-0.377026 0.685570 0 0 0 1
0.398563 0.119191 1 0 0 0
-0.865546 -0.162095 0 0 0 1
0.882889 -0.520995 0 0 1 0
-0.879946 -0.812006 0 1 0 0
-0.369250 0.832303 0 0 0 1
-0.003568 -0.972760 0 0 0 1
0.837884 -0.017431 0 0 0 1
0.371771 -0.743069 0 0 0 1
0.948744 -0.780195 0 0 1 0
0.323633 -0.981709 0 0 0 1
-0.530769 0.818379 0 0 1 0
-0.638249 -0.032704 0 0 0 1
0.262698 -0.952679 0 0 0 1
-0.634141 -0.618112 0 1 0 0
-0.499688 0.219793 0 0 0 1
0.126317 -0.020682 1 0 0 0
0.246371 0.167312 1 0 0 0
0.877120 -0.000386 0 0 0 1
-0.370283 0.904361 0 0 0 1
-0.162501 0.612287 0 0 0 1
0.276131 0.094430 1 0 0 0
0.495937 0.334434 0 0 0 1
-0.115336 0.514227 0 0 0 1
0.803665 -0.296958 0 0 0 1
-0.846049 -0.834583 0 1 0 0
0.416648 -0.787262 0 0 0 1
0.798536 0.456166 0 1 0 0
0.018330 -0.417517 1 0 0 0
0.485662 0.828854 0 1 0 0
0.118947 0.705974 0 0 0 1
0.682753 0.748664 0 1 0 0
-0.479749 0.360951 0 0 0 1
-0.113534 0.614681 0 0 0 1
-0.078018 -0.617597 0 0 0 1
-0.050884 0.806646 0 0 0 1
0.896630 -0.247219 0 0 0 1
-0.490312 -0.949419 0 1 0 0
-0.819974 0.467229 0 0 1 0
-0.783777 0.265765 0 0 0 1
-0.412898 -0.247267 1 0 0 0
0.169585 -0.731440 0 0 0 1
0.769756 -0.001561 0 0 0 1
-0.048302 -0.111297 1 0 0 0
-0.365549 -0.362633 0 0 0 1
-0.685251 0.154702 0 0 0 1
0.998319 0.201215 0 0 0 1
-0.230616 -0.079700 1 0 0 0
0.718499 -0.273054 0 0 0 1
0.480248 -0.528720 0 0 1 0
0.530829 0.389478 0 0 0 1
0.416660 -0.001942 1 0 0 0
0.632883 -0.736177 0 0 1 0
-0.614384 -0.452083 0 1 0 0
-0.345825 -0.682327 0 0 0 1
0.275541 0.605873 0 0 0 1
0.206377 0.979955 0 0 0 1
-0.759676 0.843744 0 0 1 0
0.395026 0.842063 0 0 0 1
0.495919 -0.835590 0 0 1 0
0.079537 0.882909 0 0 0 1
0.489309 -0.440215 0 0 1 0
-0.274058 -0.909386 0 0 0 1
0.743667 -0.857398 0 0 1 0
-0.735919 0.775485 0 0 1 0
0.371597 -0.838899 0 0 0 1
0.900413 0.648698 0 1 0 0
-0.781914 -0.075761 0 0 0 1
-0.578851 0.424463 0 0 1 0
-0.338526 0.268207 1 0 0 0
-0.943500 0.110269 0 0 0 1
-0.305184 -0.779090 0 0 0 1
0.872632 0.774352 0 0 0 1
0.361941 -0.665862 0 0 0 1
-0.541991 -0.912117 0 1 0 0
-0.798324 -0.769515 0 1 0 0
-0.534242 -0.994030 0 1 0 0
0.837354 -0.832929 0 0 1 0
0.486053 -0.017653 1 0 0 0
-0.589709 0.403496 0 0 1 0
0.314485 -0.935030 0 0 0 1
0.677087 -0.486618 0 0 0 1
-0.212644 0.208197 1 0 0 0
-0.340012 -0.017450 1 0 0 0
-0.978071 0.316687 0 0 0 1
-0.095791 -0.890188 0 0 0 1
0.741439 0.105885 0 0 0 1
-0.659704 0.254863 0 0 0 1
0.571643 -0.653734 0 0 0 1
0.408997 -0.486663 0 0 1 0
-0.104950 0.495684 0 0 0 1
0.871532 0.305341 0 0 0 1
-0.100819 -0.719588 0 0 0 1
-0.380174 -0.035850 1 0 0 0
0.133208 0.085620 1 0 0 0
-0.658595 0.428000 0 0 1 0
0.323955 0.874200 0 0 0 1
0.426772 -0.359358 0 0 0 1
-0.221591 0.536583 0 0 0 1
-0.617918 0.884294 0 0 1 0
0.636945 0.455936 0 1 0 0
0.757727 -0.135067 0 0 0 1
-0.263517 -0.355159 1 0 0 0
-0.767833 -0.483627 0 1 0 0
0.131348 -0.203216 1 0 0 0
-0.904502 -0.245717 0 0 0 1
-0.181643 0.181119 1 0 0 0
0.159762 -0.390881 1 0 0 0
-0.516283 -0.516681 0 1 0 0
0.124359 0.261728 1 0 0 0
0.506441 0.146021 0 0 0 1
0.744215 0.143385 0 0 0 1
-0.398043 0.967361 0 0 0 1
-0.098887 0.466890 1 0 0 0
0.545954 0.226873 0 0 0 1
-0.063989 -0.937674 0 0 0 1
-0.707803 -0.932641 0 1 0 0
0.977346 -0.837143 0 0 1 0
-0.204297 0.343976 1 0 0 0
0.955464 0.953095 0 0 0 1
-0.560819 -0.563586 0 1 0 0
0.563540 0.698142 0 1 0 0
0.069981 -0.155837 1 0 0 0
-0.786634 0.446121 0 0 1 0
0.114479 -0.086989 1 0 0 0
-0.339568 -0.860116 0 0 0 1
0.566029 -0.277241 0 0 0 1
-0.567919 0.633388 0 0 1 0
-0.590573 0.796245 0 0 1 0
0.205129 0.140221 1 0 0 0
0.160594 0.093316 1 0 0 0
0.599775 0.529730 0 1 0 0
0.163315 0.227872 1 0 0 0
-0.766704 -0.927965 0 1 0 0
-0.553338 0.518156 0 0 1 0
0.561141 -0.568833 0 0 1 0
-0.778427 -0.428949 0 1 0 0
-0.055668 0.003132 1 0 0 0
-0.473799 0.412559 0 0 1 0
0.721464 -0.382312 0 0 0 1
0.537056 -0.970741 0 0 1 0
-0.369628 -0.646435 0 0 0 1
0.378057 -0.839897 0 0 0 1
0.025134 -0.458628 1 0 0 0
0.911302 -0.225332 0 0 0 1
0.460010 -0.243717 0 0 0 1
0.221330 -0.021834 1 0 0 0
-0.217530 0.409333 1 0 0 0
0.004043 0.980384 0 0 0 1
0.895813 0.948375 0 1 0 0
-0.503597 -0.525424 0 1 0 0
-0.106761 -0.803960 0 0 0 1
0.013762 -0.569705 0 0 0 1
-0.774701 -0.207956 0 0 0 1
0.060668 -0.421137 0 0 0 1
0.220770 0.603997 0 0 0 1
-0.288528 -0.391255 1 0 0 0
0.486140 -0.931245 0 0 1 0
-0.292530 0.046921 1 0 0 0
0.489940 -0.543747 0 0 1 0
-0.506017 -0.563363 0 1 0 0
-0.557642 0.420153 0 0 1 0
-0.083066 0.816227 0 0 0 1
-0.986914 0.112974 0 0 0 1
-0.170011 -0.556619 0 0 0 1
0.338272 0.622032 0 0 0 1
0.504049 0.917135 0 1 0 0
-0.275181 0.521133 0 0 0 1
-0.496395 0.333564 0 0 0 1
0.036432 0.989745 0 0 0 1
0.402319 0.308014 0 0 0 1
-0.302785 -0.550761 0 0 0 1
0.107034 -0.812845 0 0 0 1
-0.094508 0.834665 0 0 0 1
-0.318862 0.342129 1 0 0 0
0.123497 -0.237718 1 0 0 0
-0.959570 -0.421491 0 1 0 0
0.153404 0.408497 0 0 0 1
-0.508324 0.030530 0 0 0 1
0.538473 -0.591188 0 0 1 0
-0.736708 0.929944 0 0 1 0
0.596856 -0.033624 0 0 0 1
0.316012 -0.000826 1 0 0 0
-0.986773 0.448413 0 0 1 0
-0.799618 -0.646094 0 1 0 0
-0.118479 0.696035 0 0 0 1
0.674198 -0.994983 0 0 1 0
0.252155 -0.954553 0 0 0 1
0.036826 -0.156801 1 0 0 0
-0.554677 -0.122377 0 0 0 1
0.690528 0.475853 0 1 0 0
-0.900660 -0.701485 0 1 0 0
-0.970716 0.624782 0 0 1 0
-0.004340 -0.059206 1 0 0 0
0.270050 -0.045979 1 0 0 0
-0.348526 0.154404 1 0 0 0
0.867562 -0.964076 0 0 1 0
0.541761 -0.959059 0 0 1 0
-0.206084 -0.913611 0 0 0 1
-0.731084 0.637115 0 0 1 0
-0.285760 -0.485262 0 0 0 1
-0.024232 -0.809908 0 0 0 1
-0.069166 0.075108 1 0 0 0
0.610222 0.104392 0 0 0 1
-0.886610 0.886466 0 0 0 1
0.054184 0.161885 1 0 0 0
-0.991795 0.885717 0 0 0 1
0.162609 -0.036545 1 0 0 0
0.198533 0.737229 0 0 0 1
0.430899 0.239474 1 0 0 0
-0.775185 0.325863 0 0 0 1
0.238235 0.861929 0 0 0 1
-0.388897 0.952475 0 0 0 1
-0.623333 0.586871 0 0 0 1
0.307500 -0.338021 1 0 0 0
-0.082277 0.766371 0 0 0 1
-0.255435 -0.195811 1 0 0 0
0.798749 0.966074 0 1 0 0
0.806954 0.851791 0 1 0 0
-0.030437 -0.184754 1 0 0 0
-0.831904 -0.447525 0 1 0 0
0.407570 0.521794 0 1 0 0
-0.266567 -0.239971 1 0 0 0
0.344537 -0.287495 1 0 0 0
-0.068592 -0.144928 1 0 0 0
0.593387 0.486247 0 1 0 0
0.359758 -0.769188 0 0 0 1
-0.929041 0.226181 0 0 0 1
-0.970440 -0.962967 0 1 0 0
0.836514 0.888824 0 1 0 0
-0.193923 -0.295930 1 0 0 0
-0.025827 0.256545 1 0 0 0
-0.618256 -0.221661 0 0 0 1
-0.750869 0.115177 0 0 0 1
0.538369 -0.085989 0 0 0 1
-0.540286 -0.749127 0 1 0 0
0.391122 0.105945 1 0 0 0
-0.015491 -0.407808 1 0 0 0
-0.655733 -0.176996 0 0 0 1
0.642333 0.570448 0 1 0 0
0.679366 -0.966846 0 0 1 0
0.568190 0.753959 0 1 0 0
-0.727740 -0.377998 0 0 0 1
-0.530670 0.528805 0 0 0 1
-0.148926 -0.692855 0 0 0 1
-0.682687 0.966251 0 0 1 0
0.231323 -0.574036 0 0 0 1
-0.903614 0.186880 0 0 0 1
0.817086 0.202332 0 0 0 1
0.491484 -0.198405 0 0 0 1
0.794524 0.062858 0 0 0 1
0.145862 -0.382472 1 0 0 0
-0.283690 0.470093 0 0 0 1
-0.615444 -0.250536 0 0 0 1
-0.840829 0.952746 0 0 1 0
0.654328 -0.774994 0 0 1 0
-0.876343 0.753811 0 0 1 0
-0.025269 -0.939044 0 0 0 1
0.510920 -0.059018 0 0 0 1
0.906469 -0.257757 0 0 0 1
0.366946 -0.997144 0 0 0 1
0.929123 0.184032 0 0 0 1
0.205187 0.420607 1 0 0 0
-0.000289 -0.516535 0 0 0 1
0.131489 0.617239 0 0 0 1
0.188656 0.847799 0 0 0 1
0.087332 0.573212 0 0 0 1
-0.402737 0.246503 1 0 0 0
0.100686 -0.099169 1 0 0 0
-0.773889 0.024488 0 0 0 1
0.504775 0.419718 0 1 0 0
0.565731 -0.069362 0 0 0 1
-0.059799 0.472200 1 0 0 0
-0.692854 0.475055 0 0 1 0
0.491179 -0.319757 0 0 0 1
0.022611 0.476806 1 0 0 0
0.506076 -0.391705 0 0 0 1
0.297193 -0.305268 1 0 0 0
-0.615475 -0.732056 0 1 0 0
0.631028 0.793902 0 0 0 1
-0.468141 0.544866 0 0 1 0
0.556347 0.049641 0 0 0 1
0.799872 0.555566 0 1 0 0
-0.269491 -0.504234 0 0 0 1
-0.912428 -0.596610 0 1 0 0
0.562627 -0.994607 0 0 1 0
-0.757130 0.028004 0 0 0 1
0.770897 0.922824 0 1 0 0
-0.620808 0.220017 0 0 0 1
0.228811 -0.164714 1 0 0 0
0.496755 0.888643 0 1 0 0
0.290658 -0.957315 0 0 0 1
0.767429 -0.164477 0 0 0 1
-0.577161 0.323776 0 0 0 1
0.885164 -0.777289 0 0 1 0
-0.499464 -0.046780 0 0 0 1
0.375108 -0.411892 0 0 0 1
0.356609 -0.821979 0 0 0 1
-0.849265 0.362002 0 0 0 1
-0.527887 -0.606395 0 1 0 0
-0.756990 -0.683572 0 1 0 0
-0.377799 0.536445 0 0 0 1
-0.847103 0.457487 0 0 1 0
0.649652 0.346130 0 0 0 1
-0.623442 -0.059690 0 0 0 1
0.388815 -0.856013 0 0 0 1
0.775833 0.811654 0 1 0 0
0.660998 -0.965635 0 0 1 0
-0.838466 -0.012416 0 0 0 1
0.722214 -0.250359 0 0 0 1
-0.655806 0.900235 0 0 1 0
0.706196 -0.627652 0 0 1 0
-0.903798 -0.384642 0 0 0 1
0.610409 0.020288 0 0 0 1
0.237559 0.146855 1 0 0 0
-0.304954 -0.712158 0 0 0 1
-0.177163 -0.958825 0 0 0 1
-0.335600 0.763148 0 0 0 1
0.429990 -0.191613 1 0 0 0
0.241644 -0.723850 0 0 0 1
0.199979 0.276009 1 0 0 0
0.361513 -0.736406 0 0 0 1
-0.654532 -0.888846 0 1 0 0
-0.754297 0.011530 0 0 0 1
-0.686016 -0.381949 0 0 0 1
-0.694489 -0.589814 0 1 0 0
0.915920 0.430474 0 1 0 0
0.062775 -0.396341 1 0 0 0
0.350617 0.426497 0 0 0 1
0.207189 -0.984984 0 0 0 1
0.189644 -0.362821 1 0 0 0
-0.271375 0.878823 0 0 0 1
0.099552 0.928604 0 0 0 1
0.154832 0.722807 0 0 0 1
0.290117 0.418426 0 0 0 1
-0.931725 0.401271 0 0 0 1
-0.686022 -0.587199 0 1 0 0
-0.067971 -0.281688 1 0 0 0
-0.834562 -0.365767 0 0 0 1
-0.819142 -0.363595 0 0 0 1
0.697007 -0.215483 0 0 0 1
0.802418 0.047624 0 0 0 1
-0.788986 0.009607 0 0 0 1
0.062641 0.400658 1 0 0 0
0.886044 -0.870717 0 0 1 0
-0.014404 -0.942112 0 0 0 1
-0.319558 -0.291597 1 0 0 0
-0.901132 -0.223322 0 0 0 1
-0.250725 -0.874919 0 0 0 1
0.090656 0.162076 1 0 0 0
-0.977314 0.880388 0 0 1 0
-0.811877 -0.485379 0 1 0 0
-0.175471 -0.788372 0 0 0 1
-0.818962 -0.373053 0 0 0 1
0.259253 -0.607948 0 0 0 1
0.636554 -0.678107 0 0 1 0
0.283340 -0.792063 0 0 0 1
0.921993 -0.191051 0 0 0 1
0.193533 0.979881 0 0 0 1
0.489391 0.901935 0 1 0 0
0.588259 -0.321387 0 0 0 1
-0.922840 0.713340 0 0 1 0
0.239236 -0.821381 0 0 0 1
0.791955 0.119625 0 0 0 1
0.394282 0.980079 0 0 0 1
0.634246 -0.209197 0 0 0 1
-0.195393 0.845874 0 0 0 1
-0.028159 0.431554 1 0 0 0
0.363893 0.068108 1 0 0 0
0.156603 -0.648552 0 0 0 1
0.634957 0.078597 0 0 0 1
0.160397 -0.171510 1 0 0 0
-0.350212 -0.269574 1 0 0 0
-0.761953 0.409039 0 0 1 0
0.951387 0.178309 0 0 0 1
0.702760 -0.869993 0 0 1 0
-0.177615 0.524289 0 0 0 1
-0.049657 -0.543369 0 0 0 1
-0.684908 0.754950 0 0 1 0
0.286933 0.186504 1 0 0 0
-0.349174 -0.745388 0 0 0 1
-0.165347 0.807429 0 0 0 1
-0.393940 -0.530390 0 0 0 1
-0.113974 0.766457 0 0 0 1
0.298100 0.944503 0 0 0 1
-0.583755 -0.971474 0 1 0 0
-0.345708 0.437565 0 0 0 1
-0.205611 -0.394321 1 0 0 0
-0.502851 -0.264314 0 0 0 1
0.586138 0.319534 0 0 0 1
-0.740025 -0.463520 0 1 0 0
-0.424933 -0.708570 0 0 0 1
0.862000 0.477934 0 1 0 0
-0.487174 0.732546 0 0 1 0
-0.679745 -0.661394 0 1 0 0
0.206280 -0.894937 0 0 0 1
-0.911334 0.150783 0 0 0 1
-0.478692 -0.882808 0 1 0 0
0.175600 0.554757 0 0 0 1
-0.723961 0.781279 0 0 0 1
-0.226812 -0.483035 0 0 0 1
0.756768 -0.907278 0 0 1 0
-0.706752 0.868887 0 0 1 0
-0.415321 0.947557 0 0 1 0
-0.937387 0.433860 0 0 1 0
0.795159 0.754815 0 0 0 1
-0.866234 -0.454619 0 1 0 0
-0.761171 -0.365953 0 0 0 1
-0.595850 -0.239864 0 0 0 1
-0.248761 0.885799 0 0 0 1
0.935736 -0.694005 0 0 0 1
0.717015 -0.523374 0 0 1 0
-0.766020 -0.766606 0 1 0 0
0.010920 -0.473358 1 0 0 0
-0.637074 0.111321 0 0 0 1
-0.155808 0.576932 0 0 0 1
0.173934 -0.721948 0 0 0 1
0.303764 -0.030906 0 0 0 1
0.350850 0.102859 1 0 0 0
-0.395783 0.341688 0 0 0 1
0.212294 0.008366 0 0 0 1
0.963533 -0.105835 0 0 0 1
-0.962439 -0.730472 0 1 0 0
0.754576 -0.253846 0 0 0 1
0.991029 0.988556 0 1 0 0
0.018777 -0.000525 1 0 0 0
0.915412 0.362401 0 0 0 1
-0.382489 -0.240395 1 0 0 0
0.791445 0.037657 0 0 0 1
-0.756903 -0.239462 0 0 0 1
0.070523 0.593947 0 0 0 1
0.863398 0.648771 0 0 0 1
0.205086 -0.138935 1 0 0 0
0.306910 -0.175402 0 0 0 1
0.344470 0.094126 1 0 0 0
0.099046 0.840280 0 0 0 1
0.147728 0.087602 1 0 0 0
-0.833495 -0.912923 0 1 0 0
-0.918083 0.449478 0 0 1 0
-0.158478 -0.611189 0 0 0 1
-0.265027 0.879179 0 0 0 1
-0.368092 0.495511 0 0 0 1
-0.050298 -0.774144 0 0 0 1
0.358909 -0.401527 0 0 0 1
-0.575980 -0.436006 0 1 0 0
0.630550 0.870904 0 1 0 0
0.731246 0.215375 0 0 0 1
0.378263 -0.112056 1 0 0 0
0.218543 -0.964328 0 0 0 1
0.402022 -0.961629 0 0 1 0
0.489099 -0.635612 0 0 1 0
-0.061423 0.307916 1 0 0 0
0.327388 -0.957111 0 0 0 1
0.004795 0.959296 0 0 0 1
0.538400 0.954497 0 0 0 1
-0.102691 -0.447030 1 0 0 0
0.461303 -0.987492 0 0 1 0
0.332208 -0.703355 0 0 0 1
0.970968 -0.452418 0 0 1 0
-0.141088 -0.137997 1 0 0 0
-0.105417 -0.735975 0 0 0 1
-0.068178 0.096760 1 0 0 0
0.296210 0.380854 1 0 0 0
-0.395874 -0.493530 0 0 0 1
-0.980911 -0.352986 0 0 0 1
0.511265 0.978385 0 0 0 1
0.465762 -0.836463 0 0 1 0
-0.981268 -0.227291 0 0 0 1
-0.455974 -0.968759 0 1 0 0
0.876234 -0.672114 0 0 1 0
-0.576184 -0.997207 0 1 0 0
0.285820 -0.103756 1 0 0 0
0.549845 0.828066 0 1 0 0
0.302969 0.124276 1 0 0 0
0.994670 0.728401 0 1 0 0
-0.986241 -0.624584 0 1 0 0
0.992144 -0.439170 0 0 1 0
-0.844319 0.643553 0 0 1 0
-0.071610 -0.812420 0 0 0 1
-0.252022 0.940820 0 0 0 1
-0.936186 0.075864 0 0 0 1
-0.075781 -0.512370 0 0 0 1
0.078657 -0.233472 1 0 0 0
0.974902 0.503422 0 1 0 0
0.802968 0.337075 0 0 0 1
-0.373736 -0.072756 1 0 0 0
-0.379066 -0.344355 0 0 0 1
-0.727439 -0.365307 0 0 0 1
0.031061 0.504804 0 0 0 1
-0.373163 0.591891 0 0 0 1
-0.797191 -0.217482 0 0 0 1
0.235444 -0.080453 1 0 0 0
0.423024 0.667525 0 1 0 0
0.486837 -0.256611 0 0 0 1
-0.424053 0.974468 0 0 1 0
0.342475 0.747917 0 0 0 1
0.796948 -0.154103 0 0 0 1
0.071212 0.599916 0 0 0 1
-0.817028 0.697476 0 0 1 0
-0.265446 -0.681589 0 0 0 1
0.182804 0.007115 1 0 0 0
-0.786135 -0.488081 0 1 0 0
0.805756 -0.285272 0 0 0 1
-0.637540 0.041199 0 0 0 1
0.634275 -0.926633 0 0 1 0
0.301801 0.725095 0 0 0 1
0.951060 -0.954810 0 0 1 0
0.925528 0.867237 0 1 0 0
0.673445 0.664185 0 1 0 0
-0.255343 0.264101 1 0 0 0
-0.557866 0.791261 0 0 1 0
-0.239456 -0.025935 1 0 0 0
0.713648 0.187930 0 0 0 1
-0.074027 0.293590 1 0 0 0
0.640701 0.656049 0 0 0 1
0.274977 0.729416 0 0 0 1
-0.500892 -0.423223 0 1 0 0
-0.549831 -0.378033 0 0 0 1
0.755554 -0.624303 0 0 1 0
0.399071 -0.950858 0 0 0 1
-0.846611 0.888484 0 0 1 0
0.417490 -0.439131 0 0 1 0
0.208750 0.967809 0 0 0 1
0.996477 -0.817185 0 0 1 0
0.710126 0.370745 0 0 0 1
0.307836 0.003716 1 0 0 0
-0.051463 -0.340235 1 0 0 0
-0.776486 -0.610819 0 1 0 0
-0.199709 0.843693 0 0 0 1
0.348593 0.422259 0 0 0 1
0.599247 0.724289 0 1 0 0
-0.001683 0.773431 0 0 0 1
-0.935149 -0.113199 0 0 0 1
-0.432770 0.482341 0 0 1 0
0.803164 -0.308908 0 0 0 1
0.415479 0.799641 0 1 0 0
0.797342 0.509767 0 1 0 0
0.105178 -0.486518 1 0 0 0
-0.946284 0.173247 0 0 0 1
0.008399 -0.722770 0 0 0 1
0.562428 0.906824 0 1 0 0
0.406122 0.255416 1 0 0 0
0.005368 -0.020294 1 0 0 0
-0.996315 -0.246863 0 0 0 1
-0.523907 -0.109513 0 0 0 1
0.320367 0.958434 0 0 0 1
-0.661843 0.123531 0 0 0 1
-0.350474 0.753636 0 0 0 1
-0.076828 0.523433 0 0 0 1
0.550978 -0.567061 0 0 1 0
-0.343844 -0.053579 1 0 0 0
-0.290128 -0.880332 0 0 0 1
0.385568 -0.012898 1 0 0 0
0.292391 -0.935378 0 0 0 1
0.088218 -0.452192 1 0 0 0
-0.906414 0.527513 0 0 1 0
-0.902728 -0.719350 0 1 0 0
-0.012242 0.601017 0 0 0 1
0.410172 0.325915 0 0 0 1
-0.275452 -0.940302 0 0 0 1
0.079551 0.647720 0 0 0 1
0.583131 -0.369470 0 0 0 1
-0.919341 0.351216 0 0 0 1
0.286686 0.027079 1 0 0 0
0.996558 0.146748 0 0 0 1
0.113952 -0.016340 1 0 0 0
-0.593657 0.048282 0 0 0 1
0.917063 -0.045849 0 0 0 1
0.612684 -0.989351 0 0 1 0
-0.411672 -0.892079 0 1 0 0
-0.959935 0.095679 0 0 0 1
-0.636669 0.450237 0 0 1 0
0.087880 0.509935 0 0 0 1
0.501146 -0.264400 0 0 0 1
0.093065 -0.868324 0 0 0 1
-0.183742 -0.555719 0 0 0 1
0.418362 0.843338 0 0 0 1
0.414920 -0.009915 1 0 0 0
-0.601420 0.818929 0 0 1 0
0.446862 0.735992 0 1 0 0
0.059547 0.746641 0 0 0 1
0.128775 0.647875 0 0 0 1
0.854562 0.891089 0 1 0 0
-0.049759 -0.745579 0 0 0 1
0.138177 0.371836 1 0 0 0
-0.351888 -0.127018 0 0 0 1
0.741177 0.004657 0 0 0 1
-0.105842 -0.814542 0 0 0 1
-0.576981 -0.262504 0 0 0 1
-0.641876 0.837939 0 0 1 0
0.644741 -0.763481 0 0 1 0
0.337701 0.683382 0 0 0 1
0.282502 0.984812 0 0 0 1
-0.257072 0.029143 1 0 0 0
-0.609197 -0.116295 0 0 0 1
0.004676 -0.921257 0 0 0 1
0.833946 0.259097 0 0 0 1
0.216921 0.205781 1 0 0 0
0.865033 -0.921237 0 0 1 0
0.606210 0.083420 0 0 0 1
0.573455 0.791668 0 1 0 0
-0.689049 -0.850208 0 1 0 0
-0.961469 0.794533 0 0 1 0
0.585042 0.132234 0 0 0 1
0.264279 -0.132456 1 0 0 0
-0.992792 0.896687 0 0 1 0
-0.601989 -0.219608 0 0 0 1
0.235309 -0.523246 0 0 0 1
-0.385662 -0.505593 0 0 0 1
0.693675 0.820120 0 1 0 0
0.558708 0.898883 0 1 0 0
0.164918 -0.017697 1 0 0 0
-0.043414 -0.511258 0 0 0 1
0.659507 0.106378 0 0 0 1
0.833121 0.698039 0 1 0 0
0.414019 0.283080 0 0 0 1
-0.966855 -0.321702 0 0 0 1
-0.849376 0.150191 0 0 0 1
-0.314494 -0.952689 0 0 0 1
0.380824 0.083517 1 0 0 0
-0.383867 0.560271 0 0 0 1
0.442041 0.110540 1 0 0 0
0.262161 -0.793656 0 0 0 1
-0.187346 0.161044 1 0 0 0
0.977572 -0.856654 0 0 1 0
-0.065842 -0.367911 1 0 0 0
-0.959463 -0.534790 0 1 0 0
-0.058553 0.879228 0 0 0 1
0.970628 -0.025408 0 0 0 1
-0.442474 -0.878748 0 0 0 1
0.243032 -0.831437 0 0 0 1
0.505606 -0.673451 0 0 1 0
-0.878261 0.886820 0 0 1 0
0.232279 0.140766 1 0 0 0
0.438623 0.953420 0 1 0 0
0.420068 0.930992 0 1 0 0
-0.249931 -0.134850 1 0 0 0
0.739578 -0.094313 0 0 0 1
-0.897842 -0.572875 0 1 0 0
0.981386 -0.602247 0 0 1 0
-0.461087 -0.480995 0 1 0 0
0.781945 -0.312432 0 0 0 1
-0.547885 -0.891507 0 1 0 0
-0.426145 0.995313 0 0 0 1
0.806134 0.136079 0 0 0 1
0.822612 0.244757 0 0 0 1
0.089499 -0.315875 1 0 0 0
0.020491 0.688984 0 0 0 1
0.414894 0.885641 0 1 0 0
0.154472 -0.208672 1 0 0 0
0.581598 -0.361538 0 0 0 1
0.409476 0.979350 0 1 0 0
0.948388 -0.501645 0 0 1 0
0.730333 0.185923 0 0 0 1
-0.141188 0.838826 0 0 0 1
-0.130243 0.432667 1 0 0 0
-0.008100 0.238801 1 0 0 0
-0.185488 -0.516442 0 0 0 1
-0.940284 0.498637 0 0 1 0
0.080207 0.187620 1 0 0 0
-0.034152 -0.486448 1 0 0 0
0.757176 0.941642 0 1 0 0
-0.604363 0.351118 0 0 0 1
0.278698 0.855825 0 0 0 1
0.299506 0.777053 0 0 0 1
-0.737478 0.029839 0 0 0 1
-0.037024 0.121335 1 0 0 0
0.832733 -0.445998 0 0 1 0
-0.175367 0.792803 0 0 0 1
0.673022 0.639145 0 1 0 0
0.732738 0.137782 0 0 0 1
0.424744 -0.187054 1 0 0 0
0.988021 0.778794 0 1 0 0
0.705770 0.535969 0 1 0 0
0.005118 0.931606 0 0 0 1
-0.868286 -0.716184 0 1 0 0
0.431220 -0.939132 0 0 0 1
-0.538941 0.023844 0 0 0 1
0.171289 0.329725 1 0 0 0
0.725291 -0.967471 0 0 1 0
0.518093 0.705551 0 1 0 0
0.794454 0.438290 0 1 0 0
0.219198 -0.748765 0 0 0 1
-0.216461 0.207218 0 0 0 1
0.622493 -0.087011 0 0 0 1
0.565998 -0.596911 0 0 1 0
0.497604 -0.465197 0 0 1 0
0.285036 0.966023 0 0 0 1
-0.737209 0.334990 0 0 0 1
-0.572917 0.286634 0 0 0 1
-0.493721 0.756807 0 0 0 1
-0.768430 0.789336 0 0 1 0
0.749663 0.494887 0 1 0 0
0.544117 -0.066823 0 0 0 1
0.602913 -0.236685 0 0 0 1
0.184412 -0.613549 0 0 0 1
0.970533 0.214441 0 0 0 1
-0.991056 -0.116478 0 0 0 1
-0.219562 -0.587966 0 0 0 1
-0.198371 -0.721958 0 0 0 1
-0.053163 0.003551 1 0 0 0
-0.087140 0.266342 1 0 0 0
0.339943 -0.447023 0 0 0 1
0.404347 0.096750 1 0 0 0
0.635917 -0.113913 0 0 0 1
-0.479391 0.385580 0 0 0 1
-0.619026 0.665385 0 0 1 0
0.314150 0.268297 1 0 0 0
-0.501438 0.654749 0 0 1 0
0.713003 0.663693 0 1 0 0
-0.506559 -0.924273 0 1 0 0
-0.228517 0.022563 1 0 0 0
-0.665438 0.935424 0 0 1 0
0.232630 0.275367 0 0 0 1
-0.363023 -0.627883 0 0 0 1
-0.132245 -0.727106 0 0 0 1
0.258204 0.388363 1 0 0 0
0.639177 0.053748 0 0 0 1
-0.411828 -0.046672 1 0 0 0
-0.718816 0.451890 0 0 1 0
0.944730 0.164893 0 0 0 1
0.640487 -0.508202 0 0 1 0
0.716214 0.840494 0 1 0 0
-0.261223 -0.807257 0 0 0 1
-0.235621 -0.325799 1 0 0 0
0.997010 0.949568 0 1 0 0
-0.366013 -0.678315 0 0 0 1
-0.149346 -0.093119 1 0 0 0
-0.760982 -0.434644 0 1 0 0
0.292766 0.153528 0 0 0 1
0.614811 0.434712 0 1 0 0
0.591605 0.379442 0 0 0 1
-0.210823 0.232092 1 0 0 0
-0.552488 -0.051694 0 0 0 1
0.711734 -0.122671 0 0 0 1
0.687083 0.904477 0 1 0 0
-0.638716 0.715810 0 0 1 0
-0.689148 0.698709 0 0 1 0
-0.367463 -0.450636 0 0 0 1
0.179586 -0.787574 0 0 0 1
-0.211619 0.744942 0 0 0 1
0.431492 -0.918853 0 0 1 0
0.603886 0.695958 0 1 0 0
0.228171 0.287564 1 0 0 0
-0.982652 -0.480344 0 1 0 0
-0.535140 0.467962 0 0 1 0
0.342189 0.155045 1 0 0 0
-0.016102 0.516329 0 0 0 1
-0.084114 -0.377384 1 0 0 0
-0.385404 -0.104679 1 0 0 0
0.163959 -0.925092 0 0 0 1
-0.327856 0.952341 0 0 0 1
0.819850 -0.896364 0 0 0 1
-0.281679 0.707523 0 0 0 1
0.729446 0.051503 0 0 0 1
-0.064306 0.017009 1 0 0 0
-0.046958 0.536665 0 0 0 1
-0.652007 0.417902 0 0 1 0
0.643592 -0.239908 0 0 0 1
-0.840328 -0.156331 0 0 0 1
0.743990 0.676001 0 1 0 0
-0.633394 0.503182 0 0 1 0
0.261927 0.962900 0 0 0 1
0.538110 0.336835 0 0 0 1
-0.364956 0.490451 0 0 0 1
0.156685 -0.261319 1 0 0 0
0.875006 -0.553797 0 0 1 0
-0.073491 0.381897 1 0 0 0
0.690637 -0.665061 0 0 1 0
-0.961369 0.752842 0 0 1 0
0.682223 -0.487067 0 0 1 0
-0.474108 -0.743077 0 1 0 0
-0.714554 -0.376471 0 0 0 1
-0.849458 -0.340403 0 0 0 1
0.885457 -0.886557 0 0 0 1
0.222292 -0.251513 1 0 0 0
-0.621023 0.487168 0 0 1 0
-0.746017 0.933371 0 0 1 0
0.180493 0.315268 1 0 0 0
-0.128870 0.650208 0 0 0 1
-0.457068 -0.090239 1 0 0 0
0.354619 -0.408016 0 0 0 1
0.915982 -0.674023 0 0 1 0
-0.827095 -0.026663 0 0 0 1
0.403322 -0.203566 1 0 0 0
-0.937082 -0.318109 0 0 0 1
0.237322 -0.739375 0 0 0 1
0.904183 0.985809 0 1 0 0
-0.716840 0.472976 0 0 1 0
-0.462856 0.406348 0 0 1 0
0.717637 -0.278384 0 0 0 1
-0.637771 -0.411233 0 1 0 0
-0.094839 0.498528 0 0 0 1
0.774872 -0.740220 0 0 0 1
0.690855 -0.414243 0 0 1 0
0.863760 0.559094 0 1 0 0
-0.339806 -0.317026 1 0 0 0
0.342085 0.920295 0 0 0 1
-0.064748 0.246268 1 0 0 0
-0.115967 0.529429 0 0 0 1
0.379080 -0.955090 0 0 0 1
-0.933427 -0.214572 0 0 0 1
0.671266 0.784210 0 1 0 0
-0.966505 -0.627023 0 1 0 0
-0.061343 0.871504 0 0 0 1
0.653739 0.198437 0 0 0 1
0.962016 0.344594 0 0 0 1
0.784194 0.170403 0 0 0 1
0.208354 0.343289 1 0 0 0
0.868549 -0.973738 0 0 1 0
0.210634 0.946558 0 0 0 1
0.391991 -0.543097 0 0 0 1
0.852662 -0.723976 0 0 1 0
0.231742 -0.679066 0 0 0 1
-0.947096 -0.982830 0 1 0 0
0.837114 0.524214 0 0 0 1
-0.789909 0.403081 0 0 1 0
-0.918405 0.056821 0 0 0 1
-0.837210 -0.956389 0 1 0 0
0.946984 0.214014 0 0 0 1
0.609769 0.290273 0 0 0 1
-0.003874 0.478318 1 0 0 0
0.452865 -0.311048 0 0 0 1
0.263093 -0.155144 1 0 0 0
0.115755 0.120880 1 0 0 0
-0.652503 0.441814 0 0 1 0
-0.635332 0.434015 0 0 1 0
0.888882 0.459711 0 1 0 0
0.291963 -0.575937 0 0 0 1
0.313890 -0.651217 0 0 0 1
-0.413147 0.357501 0 0 0 1
-0.249802 -0.466163 0 0 0 1
-0.428485 -0.640033 0 1 0 0
0.567641 0.838285 0 1 0 0
0.020506 -0.472763 1 0 0 0
0.865362 0.673092 0 1 0 0
-0.013758 -0.194722 1 0 0 0
-0.571944 0.990369 0 0 1 0
0.862071 0.012573 0 0 0 1
-0.879459 0.321781 0 0 0 1
-0.755132 0.412504 0 0 1 0
0.558758 0.761287 0 1 0 0
-0.083741 -0.488515 1 0 0 0
0.487774 -0.128547 0 0 0 1
-0.309355 0.055415 1 0 0 0
0.831291 -0.924079 0 0 1 0
-0.764970 0.941283 0 0 1 0
0.754525 -0.072476 0 0 0 1
0.715344 0.621516 0 1 0 0
0.705713 0.853176 0 1 0 0
-0.281714 0.973717 0 0 0 1
-0.460568 -0.036845 1 0 0 0
-0.714723 -0.478087 0 1 0 0
-0.382025 0.438173 0 0 0 1
0.658994 0.484510 0 1 0 0
-0.469554 -0.824845 0 1 0 0
0.240184 -0.993554 0 0 0 1
-0.942716 -0.522842 0 1 0 0
0.998566 0.387225 0 0 0 1
0.996001 -0.073909 0 0 0 1
0.102569 0.617518 0 0 0 1
-0.718329 -0.191718 0 0 0 1
0.470694 0.499322 0 1 0 0
0.444411 -0.961246 0 0 1 0
-0.169368 -0.675970 0 0 0 1
0.011636 0.978141 0 0 0 1
-0.057995 -0.550191 0 0 0 1
0.637134 -0.573485 0 0 1 0
-0.832419 -0.398330 0 0 0 1
0.357118 0.407764 0 0 0 1
-0.391884 0.414402 0 0 0 1
0.884923 -0.150407 0 0 0 1
0.412968 0.272147 1 0 0 0
-0.660941 -0.625284 0 1 0 0
-0.379271 0.182998 1 0 0 0
-0.879949 -0.290434 0 0 0 1
0.378216 -0.841195 0 0 0 1
0.199289 -0.791151 0 0 0 1
-0.517165 -0.789075 0 0 0 1
0.424840 -0.339267 0 0 0 1
0.824124 0.851355 0 0 0 1
0.991704 -0.546976 0 0 1 0
0.399469 0.061140 1 0 0 0
0.284391 0.910733 0 0 0 1
-0.779024 -0.443462 0 1 0 0
-0.439965 -0.068746 1 0 0 0
0.180765 -0.885748 0 0 0 1
0.153244 0.300815 1 0 0 0
-0.468539 0.459620 0 0 0 1
-0.259691 0.942455 0 0 0 1
-0.765969 -0.072702 0 0 0 1
0.367295 -0.105236 1 0 0 0
0.218650 -0.068747 1 0 0 0
0.671674 -0.675141 0 0 0 1
-0.267186 0.132868 1 0 0 0
-0.356452 0.353844 0 0 0 1
0.983524 0.399875 0 0 0 1
0.913879 -0.085221 0 0 0 1
-0.380687 0.094643 1 0 0 0
0.772557 -0.604541 0 0 1 0
-0.695982 0.855079 0 0 1 0
0.044327 0.797534 0 0 0 1
-0.890014 0.971626 0 0 1 0
0.004750 -0.276952 1 0 0 0
0.936002 0.466174 0 0 0 1
-0.739138 0.608769 0 0 1 0
0.393729 0.035755 1 0 0 0
-0.252427 0.019280 1 0 0 0
-0.338548 0.934058 0 0 0 1
0.450703 0.756095 0 1 0 0
0.223260 -0.848446 0 0 0 1
-0.184062 0.527278 0 0 0 1
-0.993367 -0.308108 0 0 0 1
-0.428394 0.804167 0 0 1 0
-0.456768 -0.031003 1 0 0 0
0.266279 0.352475 1 0 0 0
-0.267546 0.407628 0 0 0 1
-0.658777 -0.804405 0 1 0 0
0.376978 0.627110 0 0 0 1
-0.855206 -0.603743 0 1 0 0
-0.193754 -0.669684 0 0 0 1
0.909202 -0.437659 0 0 1 0
0.132463 -0.286105 0 0 0 1
-0.340259 -0.279471 1 0 0 0
0.231347 -0.475304 0 0 0 1
0.603113 0.774578 0 1 0 0
0.409740 0.040858 1 0 0 0
0.152370 0.773311 0 0 0 1
-0.746204 0.155862 0 0 0 1
-0.885466 -0.550609 0 1 0 0
0.491512 -0.923498 0 0 1 0
0.887769 -0.464999 0 0 1 0
-0.781915 -0.555796 0 0 0 1
0.511489 0.576666 0 1 0 0
0.620832 -0.763592 0 0 1 0
-0.577934 0.467754 0 0 0 1
-0.974821 0.242333 0 0 0 1
0.519275 0.434919 0 1 0 0
-0.634557 -0.412711 0 0 0 1
-0.380761 0.743151 0 0 0 1
-0.828964 0.068630 0 0 0 1
-0.703767 0.662548 0 0 1 0
-0.005891 0.550317 0 0 0 1
0.680133 -0.501770 0 0 1 0
-0.875664 -0.435308 0 1 0 0
0.701003 0.345050 0 0 0 1
-0.099277 0.937410 0 0 0 1
-0.154064 0.322789 1 0 0 0
-0.128482 0.347968 1 0 0 0
-0.609207 -0.217113 0 0 0 1
-0.069312 -0.243764 1 0 0 0
-0.012810 0.375474 1 0 0 0
0.158227 -0.555896 0 0 0 1
0.409560 -0.179225 1 0 0 0
-0.596332 -0.628908 0 1 0 0
-0.098102 -0.860506 0 0 0 1
0.393705 0.466590 0 0 0 1
0.419385 0.094708 1 0 0 0
-0.679892 0.032119 0 0 0 1
0.657576 0.642898 0 1 0 0
-0.470906 -0.009135 1 0 0 0
-0.080114 0.773752 0 0 0 1
-0.984531 0.676122 0 0 1 0
0.002660 0.051596 1 0 0 0
-0.839114 0.495701 0 0 1 0
-0.018339 0.084937 0 0 0 1
0.352753 -0.645695 0 0 0 1
-0.027619 0.492247 1 0 0 0
-0.561029 -0.088368 0 0 0 1
-0.157281 0.250611 1 0 0 0
0.874837 -0.091813 0 0 0 1
-0.125362 -0.687879 0 0 0 1
0.437280 0.865504 0 1 0 0
-0.642833 0.639256 0 0 1 0
-0.966711 -0.216816 0 0 0 1
-0.584970 0.084885 0 0 0 1
0.040438 -0.424084 1 0 0 0
-0.292747 0.557577 0 0 0 1
0.665522 -0.222265 0 0 0 1
-0.089670 -0.980173 0 0 0 1
0.750116 -0.597423 0 0 1 0
-0.810913 0.314209 0 0 0 1
-0.389443 0.439698 0 0 0 1
-0.454051 -0.514606 0 1 0 0
0.420588 -0.202485 1 0 0 0
0.286091 -0.805584 0 0 0 1
-0.857668 -0.074653 0 0 0 1
0.606787 -0.824380 0 0 1 0
-0.978183 0.260505 0 0 0 1
-0.251031 -0.402266 1 0 0 0
0.456222 -0.844689 0 0 1 0
-0.766043 0.065641 0 0 0 1
0.526440 0.984073 0 1 0 0
0.294278 -0.826840 0 0 0 1
-0.217573 0.904835 0 0 0 1
0.612858 0.328376 0 0 0 1
-0.609771 0.960743 0 0 1 0
0.187744 0.745908 0 0 0 1
-0.964945 0.382160 0 0 0 1
0.888240 -0.039598 0 0 0 1
-0.011054 -0.936140 0 0 0 1
-0.331067 0.010764 1 0 0 0
0.417902 0.608497 0 1 0 0
-0.125877 0.763808 0 0 0 1
-0.327931 0.108080 1 0 0 0
-0.801490 0.092153 0 0 0 1
-0.702333 0.492788 0 0 1 0
0.080094 0.397623 1 0 0 0
-0.591530 0.787852 0 0 1 0
0.157434 -0.024404 1 0 0 0
0.192489 -0.642245 0 0 0 1
-0.526937 -0.847109 0 1 0 0
-0.463076 -0.178177 1 0 0 0
0.861290 -0.760275 0 0 1 0
0.026746 0.113848 1 0 0 0
0.698815 -0.778072 0 0 1 0
0.897325 0.314081 0 0 0 1
-0.143113 0.390113 1 0 0 0
0.936981 -0.212264 0 0 0 1
0.457565 -0.654549 0 0 1 0
-0.703520 0.502885 0 0 1 0
-0.118697 -0.304626 1 0 0 0
0.354367 -0.151736 1 0 0 0
0.891291 0.670088 0 1 0 0
0.752580 0.909812 0 1 0 0
-0.220674 0.023660 1 0 0 0
-0.521858 0.245588 0 0 0 1
0.868060 -0.624533 0 0 1 0
-0.275053 0.765579 0 0 0 1
0.139063 -0.338072 1 0 0 0
-0.403372 0.007379 1 0 0 0
-0.106892 -0.489736 0 0 0 1
-0.319913 0.774411 0 0 0 1
0.205637 -0.410974 1 0 0 0
-0.946098 0.844667 0 0 1 0
0.723989 0.457773 0 1 0 0
0.633802 0.036842 0 0 0 1
0.551975 -0.342538 0 0 0 1
-0.654318 -0.969883 0 1 0 0
-0.786258 -0.594417 0 1 0 0
-0.061310 -0.828837 0 0 0 1
0.601782 0.600618 0 1 0 0
-0.801590 -0.392003 0 0 0 1
0.853381 0.091518 0 0 0 1
0.118261 -0.466532 1 0 0 0
-0.676102 0.122495 0 0 0 1
0.994707 -0.622200 0 0 1 0
0.014775 -0.898211 0 0 0 1
-0.575065 0.787424 0 0 1 0
0.461778 0.339399 0 0 0 1
-0.606947 0.807460 0 0 1 0
-0.703897 -0.978798 0 1 0 0
-0.241178 -0.040108 1 0 0 0
-0.639396 -0.439490 0 1 0 0
-0.440986 0.168507 1 0 0 0
0.650532 -0.713232 0 0 1 0
-0.483539 -0.389334 0 0 0 1
-0.819916 -0.488832 0 1 0 0
0.147246 0.525944 0 0 0 1
0.090254 0.572181 0 0 0 1
0.313368 -0.174155 1 0 0 0
-0.347233 0.218898 1 0 0 0
-0.977717 0.515001 0 0 1 0
0.797382 -0.726177 0 0 1 0
0.743644 -0.365573 0 0 0 1
-0.616977 -0.585616 0 1 0 0
0.551530 -0.061495 0 0 0 1
-0.156026 0.838297 0 0 0 1
0.996095 0.360435 0 0 0 1
-0.551037 -0.823821 0 1 0 0
0.437428 0.323425 0 0 0 1
0.397547 -0.472318 0 0 0 1
-0.104394 -0.289086 1 0 0 0
0.929564 0.363681 0 0 0 1
-0.427575 -0.229017 1 0 0 0
-0.912575 0.633603 0 0 1 0
-0.638752 0.456116 0 0 1 0
-0.004324 0.839139 0 0 0 1
0.341375 -0.810883 0 0 0 1
0.390668 -0.720120 0 0 0 1
0.033091 0.228966 1 0 0 0
-0.606474 0.677928 0 0 1 0
-0.734870 0.115357 0 0 0 1
0.775578 0.662676 0 1 0 0
-0.328816 -0.626409 0 0 0 1
-0.003434 -0.399252 1 0 0 0
0.568991 0.371730 0 0 0 1
0.123236 0.656416 0 0 0 1
0.005334 -0.693417 0 0 0 1
-0.982336 -0.538550 0 1 0 0
0.013340 -0.699411 0 0 0 1
-0.425052 0.202457 1 0 0 0
-0.145172 -0.764451 0 0 0 1
-0.079777 0.130802 1 0 0 0
-0.401849 0.582955 0 0 1 0
0.713508 0.358534 0 0 0 1
-0.443119 0.356547 0 0 0 1
-0.970283 -0.069528 0 0 0 1
-0.646888 -0.369535 0 0 0 1
-0.332256 0.922103 0 0 0 1
-0.997805 0.790981 0 0 1 0
0.007529 -0.902436 0 0 0 1
0.596184 0.468979 0 1 0 0
-0.390476 0.769567 0 0 0 1
0.906085 0.811981 0 1 0 0
-0.239087 -0.952470 0 0 0 1
-0.618953 0.891715 0 0 1 0
-0.020802 0.474670 1 0 0 0
-0.307294 -0.166796 0 0 0 1
-0.950748 -0.137079 0 0 0 1
0.058164 -0.597635 0 0 0 1
0.493386 0.725908 0 1 0 0
0.495582 0.516889 0 1 0 0
-0.496890 0.614453 0 0 1 0
0.972089 -0.054410 0 0 0 1
-0.891306 0.741657 0 0 1 0
0.920676 0.202481 0 0 0 1
0.612588 0.968205 0 1 0 0
0.504303 -0.355190 0 0 0 1
-0.437274 -0.021027 1 0 0 0
0.255432 0.812177 0 0 0 1
-0.656688 0.304684 0 0 0 1
-0.324902 0.401476 0 0 0 1
0.707049 -0.831516 0 0 1 0
-0.968484 0.664065 0 0 1 0
0.934504 -0.832824 0 0 1 0
0.433674 -0.860735 0 0 1 0
0.542369 0.880921 0 0 0 1
0.463044 0.083402 1 0 0 0
0.431250 -0.333070 0 0 0 1
0.172881 -0.923940 0 0 0 1
0.229656 -0.848147 0 0 0 1
-0.708319 -0.514912 0 1 0 0
-0.365007 0.789772 0 0 0 1
-0.360872 -0.963531 0 0 0 1
0.496820 -0.192388 0 0 0 1
0.163853 0.528337 0 0 0 1
-0.528323 0.808126 0 0 1 0
-0.361148 -0.933148 0 0 0 1
-0.103486 -0.221883 1 0 0 0
-0.561117 -0.340961 0 0 0 1
0.327157 0.901927 0 0 0 1
0.742441 -0.004265 0 0 0 1
0.333177 -0.590629 0 0 0 1
-0.831384 0.409237 0 0 1 0
-0.679531 0.700918 0 0 0 1
-0.715501 -0.664089 0 1 0 0
-0.076373 -0.627621 0 0 0 1
0.410707 0.731239 0 1 0 0
-0.060956 -0.797085 0 0 0 1
0.344359 -0.598116 0 0 0 1
-0.158232 0.411210 1 0 0 0
0.619885 -0.317622 0 0 0 1
0.737281 -0.721076 0 0 0 1
0.639208 -0.978635 0 0 1 0
-0.027615 -0.569264 0 0 0 1
0.173887 -0.618378 0 0 0 1
-0.930236 0.494356 0 0 0 1
-0.806121 0.778855 0 0 1 0
-0.892234 -0.297517 0 0 0 1
-0.209170 0.518473 0 0 0 1
-0.566279 -0.672938 0 1 0 0
-0.363363 0.671421 0 0 0 1
-0.140599 0.478404 1 0 0 0
-0.842201 0.098289 0 0 0 1
0.765009 0.895080 0 1 0 0
0.774544 0.534288 0 1 0 0
-0.220185 -0.493326 0 0 0 1
0.829314 0.953701 0 1 0 0
0.899078 0.448057 0 1 0 0
-0.907043 0.226912 0 0 0 1
0.389286 -0.799276 0 0 0 1
0.929395 -0.819884 0 0 1 0
-0.636884 -0.492822 0 0 0 1
-0.000247 -0.821402 0 0 0 1
0.036114 -0.521843 0 0 0 1
0.261230 0.193913 1 0 0 0
0.026238 0.088993 1 0 0 0
-0.199218 -0.376719 1 0 0 0
0.580597 0.129955 0 0 0 1
-0.818448 0.534298 0 0 0 1
-0.919370 -0.017645 0 0 0 1
-0.010914 -0.826412 0 0 0 1
-0.790732 -0.621628 0 1 0 0
-0.861337 -0.441512 0 0 0 1
-0.498221 0.065665 0 0 0 1
-0.729779 0.501532 0 0 1 0
0.306336 0.979689 0 0 0 1
-0.494506 -0.499751 0 1 0 0
0.531732 0.589241 0 1 0 0
-0.667486 -0.787477 0 1 0 0
0.913111 0.342478 0 0 0 1
0.043585 0.447409 1 0 0 0
0.124215 -0.570235 0 0 0 1
-0.650185 0.297803 0 0 0 1
-0.360968 -0.271813 1 0 0 0
-0.222305 0.286674 1 0 0 0
0.279474 -0.647660 0 0 0 1
-0.964157 -0.218994 0 0 0 1
0.596604 0.342178 0 0 0 1
-0.239305 -0.897902 0 0 0 1
0.842427 -0.683169 0 0 1 0
0.431668 -0.173374 1 0 0 0
0.644191 0.688659 0 1 0 0
-0.013331 -0.267756 1 0 0 0
-0.652603 0.856459 0 0 1 0
-0.302788 0.154261 1 0 0 0
0.425398 -0.173625 1 0 0 0
-0.287927 -0.408004 1 0 0 0
0.064413 -0.372161 1 0 0 0
-0.338983 0.970017 0 0 0 1
0.994532 -0.236885 0 0 0 1
0.812444 -0.688638 0 0 1 0
0.244113 0.137988 1 0 0 0
-0.111696 -0.173353 1 0 0 0
0.874972 0.558891 0 1 0 0
-0.777631 0.415349 0 0 1 0
-0.080419 -0.430389 1 0 0 0
-0.655021 0.395985 0 0 0 1
-0.104744 0.057052 1 0 0 0
0.348087 -0.878535 0 0 0 1
-0.384179 -0.418076 0 0 0 1
-0.217519 -0.414162 1 0 0 0
0.545596 -0.601717 0 0 1 0
0.942540 0.642395 0 0 0 1
-0.694172 -0.469301 0 1 0 0
-0.451428 -0.594329 0 1 0 0
-0.881820 -0.371959 0 0 0 1
0.826693 0.444417 0 1 0 0
-0.603696 0.166317 0 0 0 1
0.892600 0.792289 0 0 0 1
-0.050348 0.780271 0 0 0 1
0.409660 0.071117 1 0 0 0
0.991583 0.853598 0 1 0 0
-0.431961 0.399194 0 0 0 1
0.380213 0.455857 0 0 0 1
0.341734 0.022608 1 0 0 0
0.647563 0.553307 0 1 0 0
-0.803866 0.958979 0 0 1 0
-0.685686 -0.412981 0 1 0 0
0.758731 -0.865359 0 0 1 0
-0.074952 -0.972759 0 0 0 1
-0.239252 -0.013380 1 0 0 0
-0.458981 -0.603720 0 0 0 1
-0.062889 -0.612137 0 0 0 1
0.901608 0.919041 0 1 0 0
0.300802 0.299253 1 0 0 0
-0.357463 -0.678138 0 0 0 1
0.893423 -0.709900 0 0 1 0
-0.772460 -0.513766 0 1 0 0
-0.026999 -0.199452 1 0 0 0
0.545155 -0.440721 0 0 1 0
-0.486387 0.484327 0 0 1 0
0.274361 -0.529052 0 0 0 1
0.559942 0.815380 0 1 0 0
0.607952 -0.247510 0 0 0 1
0.255091 0.509560 0 0 0 1
-0.328469 -0.789007 0 0 0 1
-0.189637 0.970784 0 0 0 1
-0.377248 0.452899 0 0 0 1
-0.707354 -0.483825 0 1 0 0
-0.832186 -0.256286 0 0 0 1
-0.770767 -0.998038 0 1 0 0
0.029781 -0.576871 0 0 0 1
0.261870 0.589060 0 0 0 1
-0.021064 0.775483 0 0 0 1
0.073388 0.561985 0 0 0 1
0.049844 0.544335 0 0 0 1
0.121927 -0.134776 1 0 0 0
-0.270121 0.617714 0 0 0 1
0.666653 -0.760561 0 0 1 0
0.877646 0.049802 0 0 0 1
-0.739972 -0.499602 0 1 0 0
-0.447326 0.016572 1 0 0 0
-0.279511 0.760287 0 0 0 1
-0.525067 -0.277550 0 0 0 1
0.477001 0.504714 0 1 0 0
-0.261129 0.093775 0 0 0 1
-0.485646 -0.832837 0 1 0 0
0.564198 0.711498 0 1 0 0
-0.570578 -0.876939 0 1 0 0
-0.952864 0.789714 0 0 1 0
-0.663620 0.667360 0 0 1 0
-0.403592 -0.832242 0 1 0 0
0.149082 0.184330 1 0 0 0
0.869571 -0.055384 0 0 0 1
-0.949117 -0.407979 0 1 0 0
0.555598 0.737601 0 1 0 0
-0.350627 0.862116 0 0 0 1
0.674843 -0.183465 0 0 0 1
0.548617 0.239042 0 0 0 1
-0.471967 -0.642955 0 1 0 0
-0.348906 0.895352 0 0 0 1
0.715599 -0.559193 0 0 1 0
-0.948021 -0.891833 0 1 0 0
-0.351613 -0.724075 0 0 0 1
0.830896 0.797470 0 1 0 0
0.406846 0.667041 0 1 0 0
0.457729 -0.740938 0 0 1 0
0.013327 0.996663 0 0 0 1
0.986978 0.662700 0 1 0 0
0.661822 -0.520765 0 0 1 0
-0.099137 0.007268 1 0 0 0
-0.430673 0.658361 0 0 1 0
-0.715074 -0.900831 0 1 0 0
-0.663095 -0.792664 0 1 0 0
-0.014707 -0.516739 0 0 0 1
0.664437 -0.217237 0 0 0 1
0.943516 0.071283 0 0 0 1
-0.550197 -0.651613 0 1 0 0
-0.291135 0.174876 1 0 0 0
-0.294472 0.161855 1 0 0 0
-0.435692 -0.176323 1 0 0 0
0.971704 0.724540 0 1 0 0
0.736146 -0.706133 0 0 1 0
0.395941 -0.421207 0 0 0 1
-0.550928 -0.271165 0 0 0 1
-0.084301 -0.343592 1 0 0 0
0.900992 0.139669 0 0 0 1
-0.773188 -0.316246 0 0 0 1
0.083184 0.298095 1 0 0 0
0.431572 0.827107 0 1 0 0
-0.393552 0.369446 0 0 0 1
-0.452049 0.768303 0 0 1 0
0.112259 -0.408020 1 0 0 0
0.083963 -0.683480 0 0 0 1
-0.049700 -0.179890 1 0 0 0
0.300203 -0.783949 0 0 0 1
0.189180 0.749275 0 0 0 1
-0.055115 -0.895121 0 0 0 1
-0.594318 0.507261 0 0 0 1
0.545351 0.734072 0 1 0 0
-0.371464 0.032167 1 0 0 0
-0.939893 -0.140726 0 0 0 1
0.665605 -0.333445 0 0 0 1
-0.771280 -0.786443 0 1 0 0
-0.196795 0.325815 1 0 0 0
0.061964 -0.590221 0 0 0 1
0.343358 -0.987735 0 0 0 1
0.229888 0.953744 0 0 0 1
0.312468 0.445939 0 0 0 1
0.142924 0.061743 1 0 0 0
0.247803 0.467425 0 0 0 1
0.898085 0.253674 0 0 0 1
0.012776 0.632157 0 0 0 1
0.943299 0.641312 0 1 0 0
0.766482 0.701419 0 1 0 0
0.432087 -0.632026 0 0 1 0
0.645644 -0.197167 0 0 0 1
-0.444476 -0.028541 1 0 0 0
0.617488 0.381238 0 0 0 1
0.173028 0.629753 0 0 0 1
-0.388874 0.126773 1 0 0 0
-0.942935 -0.730303 0 0 0 1
-0.552111 0.517501 0 0 1 0
-0.654026 -0.228825 0 0 0 1
-0.515835 0.978131 0 0 1 0
-0.874523 -0.357545 0 0 0 1
-0.519045 0.826896 0 0 0 1
0.913042 -0.805130 0 0 1 0
0.558686 -0.002297 0 0 0 1
-0.526104 -0.469855 0 1 0 0
-0.908616 0.911383 0 0 0 1
0.721137 -0.477492 0 0 1 0
-0.336641 -0.420427 0 0 0 1
0.396872 -0.332677 0 0 0 1
0.027462 -0.085627 0 0 0 1
0.373435 0.685547 0 0 0 1
-0.377123 0.351566 0 0 0 1
-0.599979 -0.251646 0 0 0 1
0.994021 -0.119024 0 0 0 1
-0.424749 -0.839926 0 1 0 0
-0.229879 -0.921554 0 0 0 1
-0.647295 0.767824 0 0 1 0
-0.117150 -0.404802 1 0 0 0
-0.205768 -0.404400 1 0 0 0
0.316741 0.722775 0 0 0 1
0.028222 0.896314 0 0 0 1
0.119647 0.695544 0 0 0 1
-0.076224 -0.965981 0 0 0 1
0.834256 -0.702789 0 0 1 0
